-4.998268999999999629e+00,-3.452741000000000060e+00,-6.698769999999999669e+00,-5.508840000000000403e-01,-1.203638499999999922e+01,-6.967273999999999745e+00,-6.865789000000000364e+00,-5.728299999999999947e+00,-1.184076800000000063e+01,-5.204684999999999562e+00,-1.060698099999999933e+01,-1.101097999999999910e+00,-6.702219000000000371e+00,-6.698400000000000354e+00,-1.203077399999999919e+01,-9.964669999999999916e+00,-6.720000000000000279e-03,1.140752099999999913e+01,6.956689999999999818e-01,-6.771501999999999910e+00,-1.061051299999999920e+01,-3.948317999999999994e+00,-7.104548999999999559e+00,-1.455413800000000002e+01,-3.103355999999999781e+00,-8.759418999999999400e+00,-3.431970999999999883e+00,-1.973710000000000075e+00,-2.366372000000000142e+00,-5.078110000000000124e-01,-4.217351999999999990e+00,-1.271867300000000078e+01,-2.906226000000000198e+00,-7.720335000000000392e+00,-4.778073000000000015e+00,-1.727627700000000033e+01,-6.348410000000000331e+00,3.829218000000000011e+00,-1.286052100000000031e+01,3.374150000000000205e+00,-1.554837799999999959e+01,5.926754999999999995e+00,-7.326717999999999620e+00,-7.582989999999999675e+00,-2.467187000000000019e+00,3.392367999999999828e+00,3.958690999999999960e+00,-2.791704999999999881e+00,-1.198481400000000008e+01,4.713185000000000180e+00,-2.911306999999999867e+00,-2.245931000000000122e+00,-1.052710000000000035e+00,-2.420225999999999988e+00,-5.331970000000000320e-01,2.713389999999999969e-01,-4.039553999999999867e+00,4.931599999999999873e-01,-1.117232100000000017e+01,-6.590517000000000181e+00,-1.068495000000000061e+01,-5.089061000000000057e+00,7.833219999999999628e-01,-2.031419000000000086e+00,-8.459756000000000498e+00,-2.616058999999999912e+00,-5.324302000000000312e+00,-5.706323000000000256e+00,1.561684999999999990e+00,-1.256073400000000007e+01,-6.590976999999999641e+00,-1.148401899999999998e+01,-9.983800000000000452e-01,6.879874000000000045e+00,5.256878000000000384e+00,-3.010200000000000098e-01,-5.105711000000000332e+00,-8.045885999999999427e+00,9.294736999999999583e+00,3.691554000000000002e+00,1.042305000000000037e+00,-4.414216999999999835e+00,1.269948000000000077e+00,-3.945444000000000173e+00,-1.724881000000000109e+00,-3.040861000000000036e+00,-2.267227999999999799e+00,-2.417259999999999964e-01,-2.833355000000000068e+00,-5.614128000000000007e+00,2.604743000000000031e+00,-3.814004000000000172e+00,-7.261199999999999599e-02,-1.605520999999999976e+00,1.988922999999999996e+00,1.234289999999999971e-01,1.524429999999999952e-01,1.379246999999999890e+00,5.760345000000000049e+00,-1.498220000000000107e+00,4.647669999999999857e-01,-3.381859999999999866e-01,-1.140463000000000005e+00,-9.384099999999999386e-02,-5.734028000000000347e+00,9.423769999999999314e+00,-7.376877999999999602e+00,-1.587390599999999985e+01,2.898826499999999839e+01,-4.738459999999999894e+00,-7.287740000000000329e+00,-2.491611999999999938e+00,-6.861914999999999765e+00,-5.505461999999999634e+00,1.103485999999999967e+00,4.940105799999999903e+01
-9.744816999999999396e+00,-8.624981000000000009e+00,-8.633395000000000152e+00,-1.205165999999999960e+00,-1.213891100000000023e+01,-7.620644000000000418e+00,-9.174863000000000213e+00,-6.729942000000000313e+00,-1.455346300000000070e+01,-7.496537000000000006e+00,-1.355510400000000004e+01,-5.555949999999999500e-01,-8.013973999999999265e+00,-6.962908999999999793e+00,-1.516395999999999944e+01,-9.480745999999999896e+00,-7.032299000000000078e+00,1.063920899999999925e+01,-3.905000000000000138e-01,-1.076033699999999982e+01,-8.203697000000000017e+00,-1.851363000000000092e+00,-9.058866000000000085e+00,-1.451506099999999932e+01,-2.915030999999999928e+00,-1.240524100000000018e+01,-1.289889000000000063e+00,-1.329493999999999954e+00,-8.012857000000000340e+00,-6.710963999999999707e+00,-1.390284999999999993e+00,-1.236180700000000066e+01,-6.680125000000000313e+00,-1.083880899999999947e+01,-7.026404999999999568e+00,-1.868810500000000019e+01,-1.305807899999999933e+01,5.578359999999999985e-01,-2.339432100000000148e+01,-7.662619999999999987e-01,-2.759058900000000136e+01,-7.177743000000000428e+00,-1.434521100000000082e+01,-1.718186499999999839e+01,-6.759344999999999715e+00,-2.422915999999999848e+00,-2.334694999999999965e+00,-1.283034900000000000e+01,-1.995288599999999946e+01,-1.042030999999999930e+00,-7.055457999999999785e+00,-8.798019000000000034e+00,-9.040134999999999366e+00,-1.281591099999999983e+01,-4.241382999999999903e+00,-5.131971000000000060e+00,-7.467537000000000091e+00,-2.388745999999999814e+00,-1.800003699999999895e+01,-1.161751800000000046e+01,-1.982544100000000142e+01,-1.474156600000000061e+01,-5.467856000000000272e+00,-8.227862000000000009e+00,-6.836465999999999710e+00,-7.453700999999999688e+00,-6.494453000000000031e+00,-1.102026399999999917e+01,-3.669246999999999925e+00,-1.883999199999999874e+01,-1.107082800000000056e+01,-1.361717299999999931e+01,-7.029124000000000372e+00,-4.002589999999999759e-01,-1.833879900000000163e+01,-4.459915999999999769e+00,-1.427183800000000069e+01,-1.251479100000000066e+01,-2.195990000000000109e+00,-1.034731599999999929e+01,-8.478706000000000742e+00,-1.354345299999999952e+01,8.704699999999999660e-01,-9.357398999999999134e+00,-4.628423999999999872e+00,-6.924739999999999895e+00,-3.250373999999999874e+00,7.109600000000000364e-01,-5.609454000000000384e+00,-8.487864999999999327e+00,2.267659999999999954e-01,-5.807081000000000159e+00,-2.564690000000000025e-01,-8.198630000000000084e-01,-1.334647400000000061e+01,-4.435772000000000048e+00,-7.053580000000000183e+00,-1.307332099999999997e+01,8.948209999999999775e-01,-4.136337000000000153e+00,-8.971869999999999568e-01,-3.899150000000000116e-01,-1.406984999999999930e+00,3.321400000000000047e-02,-6.226913999999999838e+00,1.693440800000000124e+01,-9.511741000000000668e+00,-2.159899100000000161e+01,3.052082199999999901e+01,-1.692526399999999853e+01,-1.788193499999999858e+01,-6.015204999999999913e+00,-1.352613299999999974e+01,-1.052792799999999929e+01,-1.052358500000000063e+01,6.599381400000000042e+01
-1.411261599999999916e+01,-1.343029300000000070e+01,-8.119251000000000218e+00,-1.779115000000000002e+00,-6.785369000000000206e+00,-5.988120999999999583e+00,-8.710345000000000226e+00,-5.571254999999999846e+00,-1.191948900000000044e+01,-7.594311000000000256e+00,-1.552758500000000019e+01,2.082519999999999927e-01,-6.464507000000000225e+00,-4.305682000000000009e+00,-1.370747899999999930e+01,-5.793772999999999840e+00,-1.663506500000000088e+01,4.059116999999999642e+00,-2.366216000000000097e+00,-1.279876100000000072e+01,-2.009192000000000089e+00,-1.921619999999999995e-01,-8.829632000000000147e+00,-1.041781199999999963e+01,-2.291509000000000018e+00,-1.219969200000000065e+01,1.493792000000000009e+00,2.750509999999999899e-01,-1.357039699999999982e+01,-1.120372200000000085e+01,2.773076000000000096e+00,-6.716931999999999903e+00,-9.452859999999999374e+00,-1.190474799999999966e+01,-8.822157999999999944e+00,-1.621458200000000005e+01,-1.630201599999999829e+01,-3.720444999999999780e+00,-2.887369199999999836e+01,-5.258505000000000429e+00,-3.132240900000000039e+01,-2.120993100000000098e+01,-2.388202599999999975e+01,-2.821553000000000111e+01,-1.376086800000000032e+01,-1.446222200000000058e+01,-1.189346500000000084e+01,-2.440893200000000007e+01,-2.553396299999999997e+01,-1.061430900000000044e+01,-1.181340600000000052e+01,-1.578382000000000041e+01,-1.660274700000000081e+01,-2.314365199999999945e+01,-8.079715000000000202e+00,-1.203988900000000051e+01,-1.059998799999999974e+01,-6.051372999999999891e+00,-2.474629099999999937e+01,-1.605377199999999860e+01,-2.448955700000000135e+01,-2.325823099999999855e+01,-1.203051400000000015e+01,-1.306074199999999941e+01,-2.042588999999999988e+00,-1.258400199999999991e+01,-5.883535000000000181e+00,-1.558692399999999978e+01,-6.796994999999999898e+00,-1.815569199999999839e+01,-1.198088599999999992e+01,-1.108325899999999997e+01,-1.192776500000000084e+01,-9.989152000000000697e+00,-4.337512799999999658e+01,-8.096828999999999610e+00,-2.060961700000000008e+01,-1.597584999999999944e+01,-2.102068399999999926e+01,-2.410757399999999961e+01,-1.955544000000000082e+01,-2.183417999999999992e+01,-3.504399999999999737e-01,-1.102742699999999942e+01,-7.437085999999999864e+00,-1.017546800000000040e+01,-2.377661999999999942e+00,4.582300000000000262e-02,-7.770165000000000433e+00,-9.087032999999999916e+00,-2.343306999999999807e+00,-5.165544999999999831e+00,8.936110000000000442e-01,-1.708399999999999849e-02,-2.658888699999999972e+01,-9.240527999999999409e+00,-1.306663299999999950e+01,-2.621218000000000004e+01,-6.248815999999999704e+00,-5.850512000000000157e+00,-9.041550000000000420e-01,4.083700000000000108e-01,-1.037169000000000008e+00,4.882349999999999746e-01,-4.192535000000000345e+00,1.977304099999999920e+01,-9.137382999999999811e+00,-2.400111300000000014e+01,1.719758200000000059e+01,-2.306349600000000066e+01,-2.505695700000000059e+01,-1.256713899999999917e+01,-1.864321599999999890e+01,-1.346837700000000027e+01,-1.986209300000000155e+01,6.107638699999999687e+01
-1.792086499999999916e+01,-1.767025100000000037e+01,-6.275403999999999982e+00,-3.169000000000000039e+00,1.537930000000000019e+00,-3.394340999999999831e+00,-6.445002999999999815e+00,-4.200175999999999910e+00,-5.423918999999999713e+00,-6.231029000000000373e+00,-1.832142500000000140e+01,-2.032611000000000168e+00,-3.457409000000000177e+00,-1.955127000000000059e+00,-8.389006999999999437e+00,-1.408265000000000100e+00,-2.473568200000000061e+01,-5.183100999999999736e+00,-4.721816999999999709e+00,-1.458670700000000053e+01,2.920087000000000099e+00,-1.851250999999999980e+00,-6.199704999999999799e+00,-5.397737000000000229e+00,-2.404675000000000118e+00,-9.169764000000000692e+00,3.476828999999999947e+00,2.558402000000000065e+00,-1.792794999999999916e+01,-1.230556100000000086e+01,5.299069000000000251e+00,-4.381140000000000034e-01,-1.089955100000000066e+01,-1.323485999999999940e+01,-1.033713299999999968e+01,-1.278702400000000061e+01,-1.535772900000000085e+01,-8.218669999999999476e+00,-2.857231900000000024e+01,-8.926731000000000193e+00,-2.668490500000000054e+01,-3.347936899999999838e+01,-3.539267499999999700e+01,-4.022570999999999941e+01,-2.367910200000000032e+01,-3.121140199999999965e+01,-2.342624599999999901e+01,-3.627732999999999919e+01,-3.039284400000000019e+01,-2.323173500000000047e+01,-1.719273400000000152e+01,-2.278087400000000073e+01,-2.227528300000000172e+01,-3.038701299999999961e+01,-1.259194800000000036e+01,-1.899245799999999917e+01,-1.309626100000000015e+01,-9.768471999999999156e+00,-3.226779100000000255e+01,-2.213241100000000117e+01,-2.472471000000000174e+01,-2.897807200000000094e+01,-1.695169399999999982e+01,-1.590677100000000088e+01,2.115352000000000121e+00,-1.816599400000000131e+01,-6.469449000000000005e+00,-2.100527900000000159e+01,-7.034682000000000102e+00,-1.440225700000000053e+01,-9.729853000000000307e+00,-5.882268999999999970e+00,-1.406592900000000057e+01,-1.791100199999999987e+01,-5.742678200000000288e+01,-1.176774600000000071e+01,-2.177047900000000169e+01,-1.941946599999999989e+01,-3.720104099999999647e+01,-3.030230200000000096e+01,-2.750719600000000042e+01,-2.681062800000000124e+01,-1.694420000000000037e+00,-8.888467999999999591e+00,-9.849558999999999287e+00,-1.248480499999999971e+01,2.190969999999999862e-01,-2.754520999999999997e+00,-8.925027000000000044e+00,-8.126658000000000825e+00,-5.152326000000000406e+00,-2.973012000000000210e+00,2.656314000000000064e+00,-6.464290000000000314e-01,-3.366901800000000122e+01,-1.331575100000000056e+01,-1.715518600000000049e+01,-3.315996700000000175e+01,-1.531401100000000071e+01,-7.525826000000000349e+00,7.177699999999999358e-02,1.520669000000000048e+00,-6.806179999999999453e-01,8.335380000000000011e-01,-2.051944000000000212e+00,1.556690399999999919e+01,-7.638158999999999921e+00,-2.380319899999999933e+01,-5.694550999999999696e+00,-2.133408599999999922e+01,-3.045695800000000020e+01,-2.334998300000000171e+01,-2.079431500000000099e+01,-1.350761699999999976e+01,-2.237403700000000129e+01,3.367257299999999987e+01
-2.085768300000000153e+01,-2.139490899999999840e+01,-5.086254000000000275e+00,-6.100794999999999746e+00,8.757778999999999314e+00,-1.507765000000000022e+00,-4.462123000000000062e+00,-4.786040999999999990e+00,1.494054999999999911e+00,-4.858102999999999838e+00,-2.234591100000000097e+01,-9.075551000000000812e+00,-1.142223999999999906e+00,-3.240301999999999794e+00,-1.666319000000000106e+00,1.319409000000000054e+00,-2.746406999999999954e+01,-1.267963899999999988e+01,-6.616992999999999903e+00,-1.840404900000000055e+01,1.817252000000000089e+00,-7.727716000000000030e+00,-1.996860000000000079e+00,-2.308383000000000074e+00,-3.840507999999999811e+00,-5.935468000000000188e+00,3.659698999999999813e+00,4.769429999999999836e+00,-2.072695600000000127e+01,-1.072386200000000045e+01,4.304598999999999620e+00,1.585461999999999927e+00,-1.152807299999999913e+01,-1.730865000000000009e+01,-1.175709699999999991e+01,-1.169877199999999995e+01,-1.237658599999999964e+01,-1.259857700000000058e+01,-2.501038199999999989e+01,-1.158652900000000052e+01,-1.898394100000000151e+01,-4.359399899999999661e+01,-4.632222000000000151e+01,-5.164460600000000312e+01,-3.471090000000000231e+01,-4.821399900000000116e+01,-3.470467099999999760e+01,-4.711963800000000191e+01,-3.644837700000000069e+01,-3.672626100000000093e+01,-2.276279500000000056e+01,-2.976282799999999895e+01,-2.605828699999999998e+01,-3.360702899999999715e+01,-1.834902900000000159e+01,-2.473539699999999897e+01,-1.471629000000000076e+01,-1.285572400000000037e+01,-4.021130000000000138e+01,-3.158314700000000030e+01,-2.369950800000000157e+01,-3.179625199999999907e+01,-1.958762899999999973e+01,-1.793693999999999988e+01,1.852357000000000031e+00,-2.395810000000000173e+01,-1.110610400000000020e+01,-2.924697199999999953e+01,-6.303814000000000028e+00,-1.453295699999999968e+01,-6.825967999999999591e+00,-1.607186000000000003e+00,-1.361720299999999995e+01,-2.137646900000000016e+01,-5.356681100000000129e+01,-1.620900699999999972e+01,-1.851733300000000071e+01,-2.358699400000000068e+01,-4.128262800000000254e+01,-2.673584599999999867e+01,-2.929298599999999908e+01,-2.779146199999999922e+01,-2.517008999999999830e+00,-5.816371000000000180e+00,-1.173916799999999938e+01,-1.414033300000000004e+01,3.297626000000000168e+00,-6.705695999999999657e+00,-9.102638000000000673e+00,-7.440813999999999595e+00,-8.879889999999999617e+00,-2.086958999999999786e+00,3.236463000000000090e+00,-3.598335000000000061e+00,-3.523086399999999685e+01,-1.604890500000000131e+01,-2.034301800000000071e+01,-3.296994300000000067e+01,-2.600305200000000028e+01,-1.064004000000000083e+01,4.523499999999999743e-01,1.687588000000000088e+00,-1.238477999999999968e+00,3.850560000000000094e-01,-2.901953999999999922e+00,5.054035999999999973e+00,-7.128499999999999837e+00,-2.232201399999999936e+01,-2.774390400000000056e+01,-1.510538900000000062e+01,-3.815623500000000234e+01,-3.709579000000000093e+01,-2.035455599999999876e+01,-1.098682799999999915e+01,-1.764667100000000133e+01,-5.698798000000000030e+00
-2.187772500000000164e+01,-2.403231800000000007e+01,-5.798534000000000077e+00,-1.025501399999999919e+01,1.179933800000000055e+01,-1.197330999999999923e+00,-4.353143000000000207e+00,-7.821682000000000023e+00,5.852070999999999579e+00,-4.316093000000000401e+00,-2.541329100000000096e+01,-1.896518999999999977e+01,-7.328090000000000437e-01,-8.736188000000000287e+00,4.019867999999999775e+00,1.911975999999999898e+00,-2.362550200000000089e+01,-1.576619200000000021e+01,-7.170846000000000053e+00,-2.446927799999999920e+01,-6.131975999999999871e+00,-1.567591299999999954e+01,2.350106999999999946e+00,-1.332761000000000084e+00,-6.024878000000000178e+00,-4.587620000000000253e+00,2.115670000000000162e+00,6.093605000000000160e+00,-2.209346800000000144e+01,-8.707354000000000482e+00,6.705480000000000329e-01,-1.596125999999999934e+00,-1.197635700000000014e+01,-2.395761200000000102e+01,-1.272291500000000042e+01,-1.405169099999999993e+01,-1.061843299999999957e+01,-1.656783100000000175e+01,-2.147879899999999864e+01,-1.356569099999999928e+01,-1.476423600000000036e+01,-5.198359599999999858e+01,-5.247442399999999907e+01,-5.916824600000000345e+01,-4.304555500000000023e+01,-5.956359400000000193e+01,-4.287906000000000262e+01,-5.500586400000000253e+01,-4.320081700000000069e+01,-4.759658799999999701e+01,-2.720620200000000111e+01,-3.624119300000000266e+01,-2.873025200000000012e+01,-3.395983400000000074e+01,-2.470703699999999969e+01,-2.856847399999999837e+01,-1.501682899999999954e+01,-1.472690399999999933e+01,-4.584776699999999749e+01,-4.310678699999999708e+01,-2.489223000000000141e+01,-3.228202399999999983e+01,-2.053551799999999972e+01,-2.070370700000000141e+01,-3.762812999999999963e+00,-2.859308400000000105e+01,-1.972539300000000040e+01,-4.005467900000000014e+01,-7.399994999999999656e+00,-2.234698399999999907e+01,-5.886682999999999666e+00,-7.736349999999999616e-01,-1.218791500000000028e+01,-2.019287599999999827e+01,-3.451372400000000340e+01,-2.075265999999999877e+01,-1.383246800000000043e+01,-2.740109599999999901e+01,-3.119594199999999873e+01,-1.793973700000000093e+01,-2.543396100000000004e+01,-2.591609400000000107e+01,-2.798268000000000200e+00,-5.349272000000000027e+00,-1.287454400000000021e+01,-1.542173700000000025e+01,5.268341999999999636e+00,-9.850949999999999207e+00,-8.522793000000000063e+00,-8.490168999999999855e+00,-1.387022499999999958e+01,-5.037326000000000192e+00,9.866430000000000478e-01,-8.276756999999999920e+00,-3.484987900000000138e+01,-1.679516699999999929e+01,-2.380269200000000041e+01,-2.845783700000000138e+01,-3.730808700000000044e+01,-1.564919899999999942e+01,-1.227443000000000062e+00,-1.926740000000000119e-01,-3.102221999999999813e+00,-1.336227000000000054e+00,-7.989463999999999899e+00,-7.780003999999999920e+00,-8.744052999999999187e+00,-1.986574999999999847e+01,-3.928073299999999790e+01,-9.714105999999999241e+00,-5.014388900000000149e+01,-4.952119799999999827e+01,-1.896018600000000021e+01,-6.792705999999999911e+00,-9.228987999999999303e+00,-3.941821099999999944e+01
-1.944980500000000134e+01,-2.417394000000000176e+01,-7.837029000000000245e+00,-1.403369299999999953e+01,1.039751599999999954e+01,-2.024658000000000069e+00,-5.989708000000000254e+00,-1.145075199999999960e+01,7.038001000000000396e+00,-4.062892999999999866e+00,-2.381405300000000125e+01,-2.631284600000000040e+01,-1.605799999999999894e+00,-1.533279199999999953e+01,7.773169000000000217e+00,1.956631999999999927e+00,-1.551818600000000004e+01,-1.506916700000000020e+01,-5.838554000000000244e+00,-2.972594199999999987e+01,-1.669654900000000097e+01,-2.163478100000000026e+01,5.588674000000000142e+00,9.601999999999999424e-02,-7.491019999999999790e+00,-4.970342999999999734e+00,-1.229399999999999937e-02,6.286335000000000228e+00,-2.201411500000000032e+01,-8.020239999999999370e+00,-2.325509999999999966e+00,-5.765773000000000259e+00,-1.224099099999999929e+01,-2.939750899999999945e+01,-1.220679100000000084e+01,-1.768991099999999861e+01,-1.176543999999999990e+01,-1.921200299999999928e+01,-1.919946600000000103e+01,-1.470054200000000044e+01,-1.673468099999999836e+01,-5.750599600000000322e+01,-4.988559500000000213e+01,-5.866217400000000026e+01,-4.450549300000000130e+01,-6.052295900000000017e+01,-4.523964500000000299e+01,-5.728057900000000302e+01,-4.704190200000000033e+01,-5.204518499999999648e+01,-2.859619400000000056e+01,-4.071153900000000192e+01,-3.063409800000000160e+01,-3.320521500000000259e+01,-2.933634199999999836e+01,-3.020542299999999969e+01,-1.333695400000000042e+01,-1.493515200000000043e+01,-4.499199099999999873e+01,-5.196498900000000276e+01,-2.897828499999999963e+01,-3.054073700000000002e+01,-2.062523300000000148e+01,-2.429321500000000000e+01,-1.185026900000000083e+01,-2.982560399999999845e+01,-2.843884399999999957e+01,-4.960857899999999887e+01,-1.129462599999999917e+01,-3.433012000000000086e+01,-7.514096999999999582e+00,-2.801963000000000203e+00,-1.143151800000000051e+01,-1.634623600000000110e+01,-1.065520399999999945e+01,-2.271932400000000030e+01,-1.047934700000000063e+01,-2.777339600000000175e+01,-1.410790000000000077e+01,-1.181974100000000050e+01,-1.953414400000000128e+01,-2.302656400000000048e+01,-3.130672999999999817e+00,-8.697687999999999420e+00,-1.277265200000000078e+01,-1.607068900000000156e+01,5.245881999999999934e+00,-1.052075499999999941e+01,-7.329054000000000180e+00,-1.106376799999999960e+01,-1.915093200000000095e+01,-1.176235199999999992e+01,-4.166522999999999755e+00,-1.258297100000000057e+01,-3.481594299999999720e+01,-1.466440399999999933e+01,-2.699003899999999945e+01,-2.351247000000000043e+01,-4.682678700000000305e+01,-2.092855300000000085e+01,-4.890812000000000381e+00,-4.025970000000000049e+00,-5.642722000000000016e+00,-4.127619000000000149e+00,-1.530131399999999964e+01,-1.749605999999999995e+01,-1.171211399999999969e+01,-1.537734799999999957e+01,-3.631515399999999971e+01,-7.925561000000000078e+00,-6.278461800000000181e+01,-5.490940299999999752e+01,-1.799571100000000001e+01,-1.672071000000000085e+00,-1.705715000000000092e+00,-5.157927200000000312e+01
-1.275028400000000062e+01,-2.046661500000000089e+01,-9.107893000000000683e+00,-1.531378699999999959e+01,6.931118999999999808e+00,-2.687237000000000098e+00,-7.597383999999999915e+00,-1.265251600000000032e+01,6.848436999999999664e+00,-2.657402999999999960e+00,-1.510856000000000066e+01,-2.550167300000000026e+01,-1.874238999999999988e+00,-1.814908399999999844e+01,1.046362200000000087e+01,3.626590000000000202e+00,-7.461386000000000074e+00,-1.348662500000000009e+01,-2.754974999999999952e+00,-2.946536599999999950e+01,-2.304406000000000176e+01,-2.222194700000000012e+01,7.276174000000000142e+00,4.974078000000000443e+00,-6.823204999999999742e+00,-4.678283000000000413e+00,-1.146471000000000018e+00,6.067158000000000051e+00,-1.991641800000000018e+01,-8.376794000000000295e+00,-1.318357000000000001e+00,-4.476787999999999990e+00,-1.152815499999999993e+01,-2.829817500000000052e+01,-9.077415000000000234e+00,-1.841900100000000151e+01,-1.435267699999999991e+01,-1.884789699999999968e+01,-1.638145799999999852e+01,-1.385315100000000044e+01,-2.156678499999999943e+01,-5.650296600000000069e+01,-3.725658200000000164e+01,-4.747462999999999766e+01,-3.698807899999999904e+01,-4.988220199999999949e+01,-4.027994499999999789e+01,-5.139218799999999732e+01,-4.342943999999999960e+01,-4.776702399999999926e+01,-2.541524799999999829e+01,-4.109088200000000057e+01,-3.102664000000000044e+01,-3.198018300000000025e+01,-2.921169599999999988e+01,-2.940247000000000099e+01,-9.263374999999999915e+00,-1.333275100000000002e+01,-3.476785600000000187e+01,-5.245822199999999924e+01,-3.291258499999999998e+01,-2.597344199999999859e+01,-1.991206100000000134e+01,-2.668665000000000020e+01,-1.741765600000000092e+01,-2.584232000000000085e+01,-3.157044700000000148e+01,-5.193222899999999953e+01,-1.589799000000000007e+01,-4.133332000000000050e+01,-9.664797999999999334e+00,-4.205610000000000070e+00,-1.169270599999999938e+01,-1.222356599999999993e+01,6.685343999999999731e+00,-1.864866200000000163e+01,-8.923076000000000008e+00,-2.136169399999999996e+01,-1.499565000000000037e+00,-1.364464100000000002e+01,-1.567037000000000013e+01,-2.027404900000000154e+01,-4.063479000000000063e+00,-1.331954200000000021e+01,-1.088525699999999929e+01,-1.533414400000000022e+01,3.684140000000000192e+00,-8.410360999999999976e+00,-5.485825000000000173e+00,-1.318875399999999942e+01,-2.240774800000000155e+01,-1.893607700000000094e+01,-1.018032000000000004e+01,-1.396809400000000068e+01,-3.329869999999999663e+01,-9.003092000000000539e+00,-2.725166000000000111e+01,-2.007504199999999983e+01,-5.108476900000000143e+01,-2.334159400000000062e+01,-8.606750999999999152e+00,-8.154044000000000736e+00,-7.403202000000000282e+00,-6.963186000000000320e+00,-2.053719600000000156e+01,-2.013430800000000076e+01,-1.395935000000000059e+01,-7.799949999999999939e+00,-2.179396799999999956e+01,-7.797087999999999575e+00,-6.748950299999999913e+01,-4.921976999999999691e+01,-1.731908200000000164e+01,3.918299999999999894e+00,2.688708000000000098e+00,-3.658393999999999835e+01
-2.961854000000000209e+00,-1.305337899999999962e+01,-7.527887999999999913e+00,-1.281794200000000039e+01,4.495533000000000001e+00,-2.063197999999999865e+00,-7.092957000000000178e+00,-9.505959000000000714e+00,7.685012000000000398e+00,8.002879999999999994e-01,-5.681659999999999489e-01,-1.474613899999999944e+01,1.015800000000000036e-02,-1.406650499999999937e+01,1.353230800000000045e+01,7.684536999999999729e+00,-3.020957000000000114e+00,-1.349955600000000011e+01,1.124273999999999996e+00,-2.094785100000000000e+01,-2.019322599999999923e+01,-1.696279900000000040e+01,7.852114000000000260e+00,1.384647599999999912e+01,-3.643874999999999975e+00,-8.836749999999999883e-01,-1.841339999999999921e-01,6.782704999999999984e+00,-1.488840899999999934e+01,-7.659292999999999907e+00,4.503340999999999816e+00,5.815896000000000399e+00,-8.926223000000000241e+00,-1.774706700000000126e+01,-3.064829000000000025e+00,-1.276076800000000055e+01,-1.463493300000000019e+01,-1.389169399999999932e+01,-9.983878999999999948e+00,-9.656698000000000448e+00,-2.241657400000000067e+01,-4.471993200000000002e+01,-1.736078600000000094e+01,-2.675778199999999885e+01,-2.206456000000000017e+01,-3.069300000000000139e+01,-2.859752399999999994e+01,-3.645335099999999784e+01,-3.047377099999999928e+01,-3.550188899999999848e+01,-1.769507499999999922e+01,-3.601244200000000006e+01,-2.859360500000000016e+01,-2.926945900000000123e+01,-2.264866599999999863e+01,-2.582888200000000012e+01,-3.307253999999999916e+00,-1.031706299999999921e+01,-1.634518800000000027e+01,-4.182304299999999841e+01,-3.208562400000000281e+01,-1.825655199999999923e+01,-1.759728600000000043e+01,-2.510704199999999986e+01,-1.663234800000000035e+01,-1.682373499999999922e+01,-2.546885400000000033e+01,-4.255881600000000020e+01,-1.749307599999999852e+01,-3.536139899999999869e+01,-9.088060000000000471e+00,-1.043171000000000070e+00,-1.172446700000000064e+01,-8.904498000000000246e+00,1.216526200000000024e+01,-6.822176999999999936e+00,-7.260233000000000381e+00,-7.322982999999999798e+00,-8.307240000000000180e-01,-2.184514599999999973e+01,-1.550595700000000043e+01,-1.750462699999999927e+01,-5.354271999999999920e+00,-1.435008200000000045e+01,-7.053625000000000256e+00,-1.260508399999999973e+01,2.120442999999999856e+00,-4.726426000000000016e+00,-2.908752999999999922e+00,-1.243205200000000055e+01,-2.123178899999999913e+01,-2.167207499999999953e+01,-1.382372400000000034e+01,-1.096479700000000079e+01,-2.577810799999999958e+01,-3.913159999999999972e-01,-2.158929600000000093e+01,-1.711611999999999867e+01,-4.715368600000000043e+01,-2.031645899999999827e+01,-9.817978000000000094e+00,-1.011808699999999916e+01,-6.967979999999999841e+00,-8.396540999999999144e+00,-1.998337599999999981e+01,-1.557449699999999915e+01,-1.379621799999999965e+01,1.963213000000000097e+00,-3.128851000000000049e+00,-4.767066999999999943e+00,-5.589533600000000035e+01,-3.288816599999999823e+01,-1.532624299999999984e+01,9.368569000000000813e+00,5.262103999999999893e+00,-2.596484999999999932e+00
6.529607000000000383e+00,-4.332232000000000305e+00,-2.671425000000000161e+00,-7.195373000000000019e+00,4.656724999999999781e+00,-1.101800000000000002e-01,-3.700467999999999869e+00,-2.867849000000000093e+00,1.032474299999999978e+01,5.411417000000000144e+00,1.475791100000000000e+01,1.964917999999999942e+00,3.874600000000000044e+00,-4.306028000000000411e+00,1.732134900000000144e+01,1.251238200000000056e+01,-2.858915999999999791e+00,-1.501141600000000054e+01,4.248718000000000217e+00,-6.338389000000000273e+00,-8.470247000000000526e+00,-8.587690999999999519e+00,8.087505000000000166e+00,2.368864299999999901e+01,1.013511999999999968e+00,7.221096000000000181e+00,2.812208000000000041e+00,9.289806999999999704e+00,-6.502130000000000187e+00,-3.838312000000000168e+00,1.240456299999999956e+01,2.223856599999999872e+01,-4.402809999999999668e+00,-2.648550000000000071e-01,4.556585000000000107e+00,-4.832719999999999794e-01,-9.438644999999999285e+00,-4.393201000000000356e+00,1.120058999999999916e+00,-2.137040999999999968e+00,-1.455147299999999966e+01,-2.122150099999999995e+01,3.715072000000000152e+00,-2.008083000000000062e+00,-4.464446999999999832e+00,-8.901336999999999833e+00,-1.305285199999999968e+01,-1.462213099999999955e+01,-1.116252599999999973e+01,-1.917254900000000006e+01,-7.428518000000000399e+00,-2.603582600000000014e+01,-2.273305900000000079e+01,-2.350099499999999964e+01,-1.102009699999999981e+01,-1.942389700000000019e+01,2.807675000000000143e+00,-6.923325000000000173e+00,4.562916000000000416e+00,-2.277405600000000163e+01,-2.403566999999999965e+01,-8.682228000000000279e+00,-1.300409699999999980e+01,-1.850029599999999874e+01,-9.448855000000000004e+00,-5.567181999999999853e+00,-1.144450900000000004e+01,-2.213199499999999986e+01,-1.383582700000000010e+01,-1.645852299999999957e+01,-3.866206000000000031e+00,7.945585999999999594e+00,-9.725464000000000553e+00,-5.788006000000000206e+00,8.951081999999999539e+00,1.063103000000000087e+01,-3.229422000000000015e+00,1.090752400000000044e+01,-9.978251999999999455e+00,-2.890425300000000064e+01,-1.724102600000000152e+01,-1.386508700000000083e+01,-5.868959000000000259e+00,-8.145457000000000392e+00,-1.918249000000000093e+00,-8.157560999999999396e+00,2.123815000000000008e+00,-1.372244000000000019e+00,2.680029999999999912e-01,-7.756800000000000139e+00,-1.492260100000000023e+01,-1.670524999999999949e+01,-1.264185699999999990e+01,-4.228866000000000014e+00,-1.005319000000000074e+01,8.715797000000000239e+00,-9.513896000000000797e+00,-1.229180299999999981e+01,-3.476641300000000001e+01,-1.204011200000000059e+01,-7.299160999999999788e+00,-8.213656999999999542e+00,-3.965259000000000089e+00,-7.367689000000000377e+00,-1.327864399999999989e+01,-7.738535999999999859e+00,-1.133521099999999926e+01,1.038876300000000086e+01,1.182234799999999986e+01,3.665103999999999917e+00,-2.638881800000000055e+01,-1.138223400000000041e+01,-1.038634300000000010e+01,1.342375000000000007e+01,8.950810999999999851e+00,3.243893099999999663e+01
1.162724399999999925e+01,1.906865000000000032e+00,3.713972000000000051e+00,-9.651939999999999964e-01,6.489886000000000266e+00,2.010749000000000120e+00,1.362810999999999995e+00,3.872635999999999967e+00,1.301076600000000028e+01,8.545842000000000382e+00,2.473278799999999933e+01,1.676369100000000145e+01,7.760388999999999982e+00,5.998153000000000290e+00,2.025487000000000037e+01,1.496208599999999933e+01,-4.669487000000000165e+00,-1.547069100000000041e+01,5.101257999999999626e+00,7.605114000000000374e+00,6.430690000000000239e+00,-1.245646000000000031e+00,8.298942000000000263e+00,2.953347300000000075e+01,5.196863999999999706e+00,1.712084499999999920e+01,6.516397000000000439e+00,1.271500799999999920e+01,4.299183000000000199e+00,2.908007000000000009e+00,1.763887799999999828e+01,3.643311200000000127e+01,7.162479999999999958e-01,1.663743799999999951e+01,1.117517800000000072e+01,1.470080199999999948e+01,1.009171000000000040e+00,6.894951999999999970e+00,1.408820200000000078e+01,6.116259999999999586e+00,2.024199999999999958e-02,8.547041999999999362e+00,1.932984899999999939e+01,1.902490399999999937e+01,1.043063199999999924e+01,9.397173999999999694e+00,2.129852000000000078e+00,8.779763000000000872e+00,7.744136000000000131e+00,-4.143780999999999715e+00,2.197706000000000159e+00,-1.372626799999999925e+01,-1.450022599999999962e+01,-1.431730699999999956e+01,1.248650999999999955e+00,-1.096920000000000073e+01,6.720606000000000080e+00,-4.497773999999999717e+00,2.028899200000000036e+01,-2.623985999999999930e+00,-1.085462700000000069e+01,-4.608200000000000074e-01,-6.779549000000000269e+00,-9.175169000000000352e+00,2.349430000000000129e-01,3.537314999999999987e+00,4.439485999999999599e+00,2.729255000000000209e+00,-6.400739999999999874e+00,5.892890999999999657e+00,4.801213999999999871e+00,1.971997100000000103e+01,-4.929501000000000133e+00,-1.686140999999999890e+00,5.454297000000000395e+00,2.775653000000000148e+01,3.336864999999999970e+00,2.643231000000000108e+01,-1.881721200000000138e+01,-2.687995199999999940e+01,-1.718371799999999894e+01,-9.082077999999999207e+00,-4.399688000000000265e+00,4.472348000000000212e+00,3.077456999999999887e+00,-3.318938000000000166e+00,4.098208999999999769e+00,1.771050000000000124e-01,3.485714000000000201e+00,-6.106700000000000461e-01,-5.511478000000000321e+00,-4.944353000000000442e+00,-6.699754000000000431e+00,3.612471000000000210e+00,9.293706000000000245e+00,1.459849099999999922e+01,5.214875000000000149e+00,-4.796610000000000262e+00,-1.741388099999999994e+01,-2.042536000000000129e+00,-2.339428999999999981e+00,-2.824072999999999833e+00,5.003880000000000550e-01,-3.946882000000000001e+00,-3.970495000000000108e+00,-2.308161000000000129e+00,-8.468213999999999686e+00,1.302785800000000016e+01,1.786241599999999963e+01,1.459233500000000028e+01,1.263777100000000075e+01,7.185357999999999912e+00,-2.484110999999999958e+00,1.432082899999999981e+01,1.491650899999999957e+01,5.030597099999999955e+01
1.003555300000000017e+01,2.750849999999999795e+00,8.776961999999999264e+00,2.836720999999999826e+00,7.515818000000000332e+00,2.683462000000000014e+00,5.669105000000000061e+00,6.951581000000000010e+00,1.263558399999999970e+01,7.458518999999999899e+00,2.590847799999999879e+01,2.268258700000000161e+01,9.282101000000000823e+00,1.115526200000000046e+01,1.962183900000000136e+01,1.248813400000000051e+01,-5.136013000000000162e+00,-1.217998900000000084e+01,3.019751999999999992e+00,1.343881700000000023e+01,1.690116700000000094e+01,2.035006999999999788e+00,7.943685000000000329e+00,2.772757100000000108e+01,7.096434000000000353e+00,2.391325099999999892e+01,8.912148000000000181e+00,1.416139300000000034e+01,1.496798199999999923e+01,9.674969000000000818e+00,1.657332299999999847e+01,3.963240299999999650e+01,4.309884000000000270e+00,2.457864000000000004e+01,1.401555800000000040e+01,2.673889399999999839e+01,1.244509000000000043e+01,1.507630900000000018e+01,2.302306099999999844e+01,1.057517799999999930e+01,1.262987000000000037e+01,3.348031300000000243e+01,2.555080900000000099e+01,3.017343599999999881e+01,1.951547400000000110e+01,2.058679000000000059e+01,1.306704599999999949e+01,2.693486700000000056e+01,1.969463299999999961e+01,5.604218999999999618e+00,8.413256999999999763e+00,-2.325266000000000055e+00,-6.289761000000000379e+00,-3.450114000000000125e+00,8.782474000000000558e+00,-2.257032999999999845e+00,6.760726000000000013e+00,-3.941669000000000089e+00,2.554943000000000097e+01,1.076776899999999948e+01,1.760089000000000015e+00,2.767123000000000221e+00,-1.170123999999999942e+00,-1.991962000000000010e+00,7.066586000000000034e+00,6.813449999999999562e+00,1.487892800000000015e+01,2.240330700000000164e+01,2.543150000000000133e-01,1.858538499999999871e+01,1.297612900000000025e+01,2.814786399999999844e+01,1.489916000000000018e+00,3.672568000000000055e+00,8.889689999999999870e+00,3.736008600000000257e+01,9.729748999999999981e+00,3.229350500000000324e+01,-1.702077099999999987e+01,-1.356522200000000034e+01,-1.276034399999999991e+01,-4.261021999999999643e+00,-8.561180000000000456e-01,1.774685200000000052e+01,6.239729999999999777e+00,2.011489999999999945e-01,6.764363000000000348e+00,-4.599800000000000000e-01,5.804145000000000110e+00,5.644441999999999737e+00,2.976980999999999877e+00,8.506332999999999700e+00,1.149073000000000011e+00,9.269368999999999303e+00,2.144568800000000053e+01,1.420980999999999916e+01,1.571735100000000074e+01,3.071499000000000201e+00,-1.247676000000000007e+00,4.584925000000000139e+00,1.901998000000000077e+00,3.483493000000000173e+00,4.354720999999999620e+00,5.063919999999999533e-01,2.728781000000000123e+00,-3.259313000000000127e+00,-7.343708000000000347e+00,7.698841999999999963e+00,1.361185900000000082e+01,2.081465199999999882e+01,4.565990299999999991e+01,1.623554899999999890e+01,6.389611000000000374e+00,1.074441099999999949e+01,2.058538400000000124e+01,4.229837400000000258e+01
3.152737999999999818e+00,-1.579825999999999953e+00,1.050470900000000007e+01,2.567181000000000157e+00,5.755086000000000368e+00,9.712849999999999540e-01,7.293536999999999715e+00,4.874884999999999913e+00,7.218512999999999735e+00,1.462215000000000042e+00,1.979444900000000018e+01,1.816250900000000001e+01,7.431992000000000154e+00,8.929242999999999597e+00,1.356142400000000059e+01,5.076894000000000240e+00,-2.398266000000000009e+00,-4.901302000000000270e+00,-1.222298000000000107e+00,8.115370000000000417e+00,1.813048900000000074e+01,8.677030000000000021e-01,6.004180999999999990e+00,1.846212299999999829e+01,6.041605999999999810e+00,2.311622399999999899e+01,8.295845999999999165e+00,1.006095499999999987e+01,2.216974300000000042e+01,1.256566499999999920e+01,9.256346000000000629e+00,2.851408999999999949e+01,4.805310000000000414e+00,1.963285700000000134e+01,1.169982300000000031e+01,3.027513700000000085e+01,1.885264600000000002e+01,1.551900400000000069e+01,2.260045500000000018e+01,7.377912000000000248e+00,1.328758299999999970e+01,4.203098200000000162e+01,2.300003500000000045e+01,3.019034800000000018e+01,2.334425500000000042e+01,2.467686000000000135e+01,1.791933799999999977e+01,3.447146399999999744e+01,2.250845599999999891e+01,9.663795999999999609e+00,1.035151199999999960e+01,6.159640999999999700e+00,-3.162659999999999916e-01,6.185450000000000337e+00,8.384278000000000119e+00,4.573572000000000415e+00,3.248823999999999934e+00,-4.918332999999999622e+00,2.076287100000000052e+01,1.367795600000000000e+01,8.384463000000000221e+00,-4.834570000000000256e-01,1.145191000000000070e+00,-1.234606000000000092e+00,7.761701000000000406e+00,3.570660000000000167e+00,1.591912800000000061e+01,2.963268000000000058e+01,1.799185999999999952e+00,1.412493100000000013e+01,1.641098200000000062e+01,2.750458599999999976e+01,6.973805999999999727e+00,9.076610000000000511e+00,2.028067700000000073e+01,3.485390999999999906e+01,1.212817000000000078e+01,2.558798099999999920e+01,-2.329016999999999893e+00,5.344142999999999866e+00,-4.663777999999999757e+00,-1.351088000000000067e+00,3.193966999999999778e+00,2.404741699999999938e+01,6.521878000000000064e+00,1.449003000000000041e+00,7.781746000000000052e+00,-2.657261999999999791e+00,6.261340999999999823e+00,7.749070999999999820e+00,6.824550999999999590e+00,1.715782099999999843e+01,6.817073999999999856e+00,1.050359300000000040e+01,1.591055000000000064e+01,7.376070999999999600e+00,1.584611100000000050e+01,7.149611000000000161e+00,8.025719000000000491e+00,4.408686000000000327e+00,2.577083000000000013e+00,7.356105000000000338e+00,5.744780999999999693e+00,3.981844999999999857e+00,3.516935000000000144e+00,-1.038223299999999938e+01,-8.490978000000000137e+00,-3.162745000000000140e+00,1.254523000000000055e+00,1.611044700000000063e+01,5.797556300000000107e+01,1.429117500000000085e+01,1.360077800000000003e+01,3.039715999999999863e+00,2.103565700000000049e+01,1.367001600000000039e+01
-4.166887000000000008e+00,-7.197312000000000154e+00,9.149843999999999866e+00,-7.938530000000000308e-01,1.340187999999999935e+00,-2.610469999999999846e+00,6.223182000000000436e+00,-3.257039999999999935e-01,-2.138884000000000007e+00,-6.945128000000000412e+00,1.196186800000000083e+01,8.091181999999999874e+00,3.485247000000000206e+00,2.290764999999999940e+00,2.914620999999999906e+00,-4.399543999999999677e+00,2.764801999999999982e+00,3.427029000000000103e+00,-5.520448000000000022e+00,-4.382966999999999835e+00,1.098668100000000081e+01,-2.879655000000000076e+00,2.000306000000000139e+00,5.771238999999999564e+00,2.860097000000000111e+00,1.365889600000000037e+01,4.239995999999999654e+00,-1.251670000000000060e+00,2.338108599999999981e+01,9.557496999999999687e+00,-4.143290000000000028e-01,7.760082999999999842e+00,2.374972999999999779e+00,5.262846999999999831e+00,5.276635999999999882e+00,2.349004400000000103e+01,1.630792599999999837e+01,6.938165999999999833e+00,1.206788500000000042e+01,-3.534060000000000201e+00,-1.996088000000000084e+00,2.940159900000000093e+01,1.617633100000000113e+01,2.340931600000000046e+01,2.501840599999999881e+01,2.449786100000000033e+01,1.763945800000000119e+01,3.025270700000000090e+01,1.969776999999999845e+01,1.120076500000000053e+01,9.443754000000000204e+00,1.204537299999999966e+01,3.011137000000000175e+00,1.256485600000000069e+01,1.244342999999999977e+00,8.286590000000000344e+00,-1.217837000000000058e+00,-5.640069000000000443e+00,1.201287800000000061e+01,8.710433999999999344e+00,7.934595999999999982e+00,-7.702045000000000030e+00,-9.834749999999999881e-01,-7.199906000000000361e+00,3.333957999999999977e+00,-3.133097999999999939e+00,9.497230000000000061e+00,2.402675599999999889e+01,-2.328469000000000122e+00,-3.428841999999999945e+00,1.340579100000000068e+01,1.613337900000000147e+01,9.278568999999999178e+00,1.270965299999999942e+01,3.420435599999999710e+01,2.105811200000000127e+01,8.724055999999999145e+00,9.650923000000000584e+00,1.706609100000000012e+01,1.986470999999999876e+01,3.540394000000000041e+00,-1.486301000000000094e+00,5.314122000000000234e+00,1.877175300000000036e+01,4.263442999999999650e+00,1.013592000000000048e+00,5.256503999999999621e+00,-5.295757000000000048e+00,4.431309999999999860e+00,4.755967000000000056e+00,5.073146000000000377e+00,1.712629899999999950e+01,7.474035999999999902e+00,7.268556000000000239e+00,-8.863538000000000139e+00,-2.356691000000000091e+00,4.521822000000000230e+00,4.725382999999999889e+00,8.544007000000000573e+00,-1.813790000000000013e+00,-6.601209999999999578e-01,6.759439000000000419e+00,4.175126999999999811e+00,4.954890999999999934e+00,-6.345220000000000304e-01,-1.938318599999999847e+01,-1.008692899999999959e+01,-1.309018200000000043e+01,-1.420986399999999961e+01,8.655779999999999585e-01,4.421716700000000344e+01,5.748962999999999823e+00,1.797686200000000056e+01,-6.276167000000000051e+00,1.296333899999999950e+01,-1.982663499999999956e+01
-6.198254000000000374e+00,-8.469063000000000230e+00,7.078450000000000131e+00,-4.022047999999999845e+00,-3.498711000000000126e+00,-6.216578000000000159e+00,4.419665000000000177e+00,-4.224533000000000094e+00,-1.134789999999999921e+01,-1.306484400000000079e+01,8.487600999999999729e+00,4.609900000000000109e-01,2.886230000000000184e-01,-2.518590000000000106e+00,-8.452989999999999782e+00,-1.170758900000000047e+01,7.776946999999999832e+00,8.575494000000000838e+00,-7.365541999999999589e+00,-1.505078600000000044e+01,1.231494000000000089e+00,-6.802915999999999741e+00,-3.091509999999999980e+00,-4.944072000000000244e+00,-5.885669999999999513e-01,-9.115480000000000249e-01,-1.987046000000000090e+00,-1.733121900000000082e+01,1.840039000000000158e+01,2.346543000000000045e+00,-7.130834000000000117e+00,-1.255916099999999958e+01,-9.461760000000000170e-01,-9.363044000000000366e+00,-1.983284000000000047e+00,9.276996999999999716e+00,5.798403000000000418e+00,-6.877911000000000108e+00,-3.272634000000000043e+00,-1.705585400000000007e+01,-2.696628400000000170e+01,2.136299000000000170e+00,1.068961499999999987e+01,1.711329699999999931e+01,2.739283999999999963e+01,2.359330399999999983e+01,1.525552000000000064e+01,1.839685899999999918e+01,1.785545499999999919e+01,1.455659499999999973e+01,8.418058999999999514e+00,1.733184599999999875e+01,5.487538999999999945e+00,1.609687100000000015e+01,-7.328319999999999723e+00,9.504334000000000060e+00,-2.977885999999999811e+00,-3.633947000000000038e+00,7.431282999999999639e+00,2.976681999999999828e+00,4.802278000000000269e+00,-1.298841299999999954e+01,-5.862033000000000271e+00,-1.510506600000000077e+01,-1.471835000000000004e+00,-7.904963999999999658e+00,2.109077999999999786e+00,1.268140200000000029e+01,-8.013597999999999999e+00,-2.048219299999999876e+01,6.078889000000000209e+00,-2.094838000000000200e+00,8.103286999999999907e+00,1.370845199999999942e+01,4.301825399999999888e+01,2.125354999999999883e+00,1.740126999999999979e+00,-7.347953000000000401e+00,2.811679499999999976e+01,2.264938899999999933e+01,8.094718000000000302e+00,-3.461799000000000071e+00,3.981301000000000201e+00,3.911516000000000215e+00,1.254237000000000046e+00,7.900549999999999518e-01,-7.561170000000000391e-01,-7.174953000000000358e+00,8.911949999999999594e-01,-1.068470999999999949e+00,4.090070000000000094e-01,9.706044999999999590e+00,3.381034000000000095e+00,1.672604999999999897e+00,-4.135354999999999848e+01,-9.226651999999999632e+00,-1.244407999999999959e+01,-2.601852000000000054e+00,3.712312999999999974e+00,-9.170621999999999829e+00,-5.133284999999999876e+00,2.410350000000000215e+00,8.507710000000000550e-01,3.342061999999999866e+00,-5.098584999999999923e+00,-2.448097100000000026e+01,-9.051094000000000861e+00,-1.521135300000000079e+01,-2.607814099999999868e+01,-1.650571800000000167e+01,1.220417400000000008e+01,-1.708110999999999935e+00,2.083561500000000066e+01,-1.332594500000000082e+01,-1.807706999999999953e+00,-4.120422599999999846e+01
1.403629999999999878e-01,-1.457937000000000038e+00,7.086901000000000117e+00,-3.581239000000000061e+00,-6.037622999999999962e+00,-7.667971999999999788e+00,4.442569999999999908e+00,-2.895294999999999952e+00,-1.559928799999999960e+01,-1.275105899999999970e+01,1.208355099999999993e+01,8.187149999999999705e-01,3.738609999999999989e-01,-4.191309999999999758e-01,-1.534272799999999926e+01,-1.369274000000000058e+01,1.032319200000000059e+01,8.134826999999999586e+00,-5.218027000000000193e+00,-1.549284199999999956e+01,-4.317878999999999579e+00,-9.530189999999999273e+00,-6.835166000000000075e+00,-1.006863000000000063e+01,-2.427135999999999960e+00,-1.396380399999999966e+01,-7.848290999999999684e+00,-3.161082400000000092e+01,9.793950000000000600e+00,-4.399235000000000007e+00,-7.607592999999999606e+00,-2.310213500000000053e+01,-2.437691000000000052e+00,-1.485575099999999971e+01,-6.055522999999999989e+00,-5.840805999999999720e+00,-7.012593999999999994e+00,-1.825600100000000126e+01,-1.448522600000000082e+01,-2.487975499999999940e+01,-4.735147800000000018e+01,-2.362014699999999934e+01,1.011590099999999914e+01,1.711618899999999854e+01,3.065387199999999979e+01,2.411495999999999995e+01,1.402731900000000032e+01,6.678374999999999950e+00,2.185030799999999829e+01,2.191694599999999937e+01,9.515674000000000632e+00,2.369517600000000002e+01,9.784404999999999575e+00,1.921879900000000063e+01,-1.073130899999999954e+01,1.048486399999999996e+01,4.973890000000000255e-01,2.738542999999999950e+00,1.216982100000000067e+01,3.447236000000000189e+00,5.920284999999999798e+00,-1.026759000000000022e+01,-9.465372000000000341e+00,-1.754125200000000007e+01,-1.238253999999999966e+00,-5.959972999999999743e+00,4.226289999999999769e-01,6.189070000000000071e+00,-9.165710000000000690e+00,-2.283858800000000144e+01,-9.128810000000000535e-01,-1.956613400000000169e+01,5.398617999999999917e+00,1.299630699999999983e+01,4.220671099999999853e+01,-1.353794800000000009e+01,-3.518003000000000213e+00,-1.682490699999999961e+01,2.257585900000000123e+01,1.422675500000000071e+01,7.972718000000000416e+00,-3.767075999999999869e+00,9.091299999999999382e-02,-1.231788200000000089e+01,-6.636599999999999444e-02,2.740740000000000176e+00,-7.775680999999999621e+00,-7.111256000000000022e+00,-2.736588999999999938e+00,-5.384757999999999711e+00,-2.333442999999999934e+00,7.286129999999999551e-01,-2.180722999999999967e+00,-3.137640000000000207e+00,-6.161887600000000020e+01,-8.566959000000000657e+00,-2.473630999999999958e+01,-8.969825000000000159e+00,3.925819999999999865e-01,-1.145347800000000049e+01,-6.843449999999999811e+00,-2.501956999999999987e+00,-2.013812999999999853e+00,6.347960000000000269e-01,-4.848663000000000167e+00,-2.177769899999999836e+01,-3.277654000000000067e+00,-6.688242999999999938e+00,-2.800458499999999873e+01,-2.413300600000000173e+01,-2.046167200000000008e+01,-1.579682000000000031e+00,2.482216999999999985e+01,-1.473011299999999935e+01,-1.628933299999999917e+01,-4.172227399999999875e+01
1.308554600000000079e+01,1.327126999999999946e+01,1.034091899999999953e+01,2.008970999999999840e+00,-5.056057000000000023e+00,-5.748166999999999582e+00,7.570613999999999955e+00,4.320866999999999791e+00,-1.238242999999999938e+01,-5.250700000000000145e+00,2.047145199999999932e+01,8.354615000000000791e+00,4.186327999999999605e+00,8.653339000000000780e+00,-1.409137600000000035e+01,-1.007945600000000042e+01,9.975725999999999871e+00,3.433577999999999797e+00,4.372449999999999948e-01,-3.476245000000000029e+00,-2.101526999999999923e+00,-1.098019200000000062e+01,-6.535702999999999818e+00,-9.464404999999999291e+00,-1.753803999999999919e+00,-1.930439300000000102e+01,-1.071488899999999944e+01,-3.628414000000000073e+01,1.829172000000000020e+00,-6.078056000000000125e+00,-2.678780999999999857e+00,-2.080178400000000138e+01,-4.313109999999999999e-01,-7.438235999999999848e+00,-4.189610000000000056e+00,-1.457552899999999951e+01,-1.506774000000000058e+01,-1.957431000000000054e+01,-1.411462900000000076e+01,-2.018794099999999858e+01,-4.878478700000000146e+01,-3.030005799999999994e+01,1.435304700000000011e+01,2.431358399999999875e+01,3.210089599999999876e+01,2.590394600000000125e+01,1.555318399999999990e+01,2.858074999999999921e+00,3.123116900000000129e+01,3.133855000000000146e+01,1.308057499999999962e+01,3.061811199999999999e+01,1.723123700000000014e+01,2.416773699999999891e+01,-4.878303999999999974e+00,1.361530100000000054e+01,8.752770999999999191e+00,1.287757399999999919e+01,2.515186599999999828e+01,1.256136000000000053e+01,1.560410000000000075e+01,2.673583999999999961e+00,-7.731202999999999825e+00,-9.212631999999999266e+00,6.498102000000000267e+00,4.062592999999999677e+00,6.799274999999999736e+00,1.226028100000000087e+01,-2.210269999999999957e+00,-5.347666000000000253e+00,-3.393619000000000163e+00,-2.896247400000000027e+01,4.037817999999999685e+00,1.255107199999999956e+01,3.302167099999999778e+01,-1.962778899999999993e+01,-2.244925999999999977e+00,-1.461903500000000022e+01,3.566466999999999832e+00,2.706496000000000013e+00,5.754313999999999929e+00,1.402659000000000100e+00,-3.125541999999999820e+00,-1.995944700000000083e+01,2.055492000000000097e+00,7.443061000000000149e+00,-1.193864100000000050e+01,-4.000821000000000183e+00,-4.346140000000000114e+00,-4.374476999999999727e+00,7.407679999999999820e-01,-3.012271000000000143e+00,-4.919693999999999789e+00,-4.510218000000000060e+00,-5.307824000000000098e+01,5.585099999999999787e-02,-2.316353600000000057e+01,-7.646746000000000265e+00,4.678294000000000175e+00,-5.129715000000000025e+00,-3.303582000000000019e+00,-4.244682000000000066e+00,-2.495549000000000017e+00,-9.489170000000000105e-01,1.924978999999999996e+00,-1.125314599999999920e+01,6.592098000000000013e+00,9.123371000000000564e+00,-1.708043699999999987e+01,-1.459994700000000023e+01,-3.535852100000000320e+01,7.755474999999999675e+00,3.124003599999999992e+01,-9.418993000000000393e+00,-2.232046800000000175e+01,-2.496287299999999831e+01
2.671709999999999852e+01,3.044805200000000056e+01,1.539246699999999990e+01,1.091035199999999961e+01,-1.766761000000000026e+00,-1.008178999999999936e+00,1.273680799999999991e+01,1.406892200000000059e+01,-3.249163999999999941e+00,5.839383999999999908e+00,2.802081099999999836e+01,1.646667599999999965e+01,9.655851999999999435e+00,1.929402400000000029e+01,-4.900993999999999851e+00,-3.515146000000000104e+00,8.214213000000000875e+00,-1.296505999999999936e+00,7.082404000000000366e+00,1.546149100000000054e+01,6.172133999999999787e+00,-1.136490599999999951e+01,-1.046483999999999970e+00,-5.768778000000000183e+00,9.296830000000000371e-01,-1.461209000000000024e+01,-9.254626000000000019e+00,-2.680738699999999852e+01,-1.653235000000000010e+00,-1.394311999999999996e+00,3.367529999999999912e+00,-1.019530699999999968e+01,4.592952999999999619e+00,8.704456999999999667e+00,3.576169999999999849e+00,-1.223954600000000070e+01,-1.412600699999999954e+01,-7.835740999999999623e+00,-8.375920000000000032e-01,-2.354963000000000140e+00,-2.569897100000000023e+01,-9.307966000000000406e+00,2.034021699999999910e+01,3.443397699999999872e+01,2.838506800000000041e+01,2.716163099999999986e+01,1.901741900000000030e+01,1.075799300000000081e+01,4.046755600000000186e+01,3.769387199999999893e+01,1.745987200000000072e+01,3.523252800000000207e+01,2.636301200000000122e+01,3.066078699999999913e+01,9.305574999999999264e+00,1.956249800000000150e+01,1.817442000000000135e+01,2.368654000000000082e+01,3.971701399999999893e+01,2.696344399999999908e+01,3.182738099999999903e+01,2.204878499999999875e+01,7.574570000000000469e-01,9.141495000000000815e+00,1.937168000000000134e+01,1.910980699999999999e+01,1.778101799999999955e+01,3.085682100000000005e+01,1.099157800000000051e+01,2.459639900000000168e+01,-3.763190000000000146e-01,-2.713836999999999833e+01,5.751248999999999612e+00,1.361088200000000015e+01,2.090647399999999934e+01,-1.505055699999999952e+01,6.139914000000000094e+00,-3.215787000000000173e+00,-1.597516599999999976e+01,-1.894096000000000002e+00,5.703872999999999749e+00,1.327891400000000033e+01,-2.045049000000000117e+00,-1.333685299999999962e+01,7.556854000000000404e+00,1.347914300000000054e+01,-1.012559700000000085e+01,2.757988999999999802e+00,-2.360914999999999875e+00,2.811583000000000165e+00,9.886343999999999355e+00,1.979719999999999924e+00,-2.234793999999999947e+00,-1.448900000000000077e+00,-1.410916500000000084e+01,1.208090100000000078e+01,-5.257602999999999582e+00,4.337747000000000241e+00,1.784910100000000099e+01,8.182686000000000348e+00,4.500556999999999697e+00,-9.253639999999999644e-01,-6.387600000000000222e-02,1.789989999999999915e-01,1.243064500000000017e+01,3.710570999999999842e+00,1.719359299999999990e+01,2.449357099999999932e+01,3.514613000000000209e+00,9.271561000000000163e+00,-2.276997599999999977e+01,2.232019899999999879e+01,3.804465900000000289e+01,7.879599999999999937e-01,-1.600313500000000033e+01,-3.341883999999999855e+00
3.430927700000000158e+01,4.288445600000000013e+01,1.900368599999999830e+01,1.877202799999999883e+01,9.922060000000000324e-01,4.453140999999999572e+00,1.705439399999999850e+01,2.087277100000000019e+01,6.906094000000000399e+00,1.438705799999999968e+01,2.947861999999999938e+01,1.755217599999999933e+01,1.342125300000000010e+01,2.409660600000000130e+01,7.910871000000000208e+00,2.117192999999999881e+00,7.019944999999999879e+00,-1.944160000000000110e+00,1.138250999999999991e+01,3.158240299999999934e+01,1.497206599999999987e+01,-1.007675000000000054e+01,8.028707999999999956e+00,-2.110195000000000043e+00,4.086621000000000059e+00,-2.662487000000000048e+00,-4.265700999999999965e+00,-5.279084000000000110e+00,7.440229999999999899e-01,6.606024999999999814e+00,5.761421999999999599e+00,1.868640000000000023e-01,1.035386199999999945e+01,2.416764399999999924e+01,1.426557000000000031e+01,9.313599999999999657e-01,-5.102838000000000207e+00,1.302364500000000014e+01,1.942597200000000157e+01,2.159636499999999870e+01,1.452531100000000031e+01,3.271783299999999883e+01,2.448775200000000041e+01,4.118166699999999736e+01,1.862778499999999937e+01,2.616238600000000147e+01,2.209207599999999871e+01,2.823860399999999871e+01,4.294832099999999997e+01,3.615760199999999713e+01,2.029077699999999851e+01,3.427624399999999838e+01,3.349071299999999951e+01,3.553436800000000062e+01,2.627648800000000051e+01,2.649657499999999999e+01,2.387244300000000052e+01,3.091820900000000094e+01,4.778235699999999753e+01,4.006419600000000258e+01,4.680452700000000021e+01,3.962425000000000352e+01,1.354256700000000002e+01,3.049736100000000150e+01,3.131742600000000110e+01,3.324999300000000346e+01,2.656054400000000015e+01,5.396818600000000288e+01,2.413367600000000124e+01,5.217727800000000116e+01,5.399975000000000414e+00,-1.652702800000000138e+01,9.829461999999999477e+00,1.533769700000000036e+01,1.137195799999999934e+01,-4.027735999999999983e+00,1.703096000000000032e+01,1.010815700000000028e+01,-2.206655800000000056e+01,5.366077999999999903e+00,1.047389699999999912e+01,2.885141099999999881e+01,4.701787999999999634e+00,5.182566999999999702e+00,1.437114000000000047e+01,1.822447400000000073e+01,-1.975756999999999985e+00,1.251234099999999927e+01,3.296696999999999989e+00,1.335159400000000041e+01,2.127233199999999869e+01,1.371511699999999934e+01,5.118535999999999753e+00,5.078571000000000168e+00,3.877654799999999824e+01,2.043669500000000028e+01,2.273506700000000080e+01,2.359491200000000077e+01,3.524724899999999650e+01,2.248799700000000001e+01,1.250908699999999918e+01,6.230761000000000216e+00,4.182393000000000249e+00,3.952513999999999861e+00,2.114587999999999823e+01,1.863173700000000110e+01,2.434656400000000076e+01,3.206219699999999762e+01,2.469182699999999997e+01,3.516247200000000106e+01,1.351549999999999940e+01,3.519082600000000127e+01,4.049486300000000227e+01,1.225773200000000074e+01,-6.225169999999999870e-01,1.033774900000000052e+01
3.234313300000000169e+01,4.566057700000000352e+01,1.825906399999999863e+01,2.128474299999999886e+01,7.245350000000000401e-01,8.164360000000000284e+00,1.762761199999999917e+01,2.055049800000000104e+01,1.265951599999999999e+01,1.538681899999999914e+01,2.330154900000000140e+01,8.753171999999999287e+00,1.290810899999999961e+01,1.879183099999999840e+01,1.809259000000000128e+01,4.024585000000000079e+00,7.333731000000000222e+00,2.550371999999999861e+00,1.103522899999999929e+01,3.732082299999999719e+01,1.871994400000000169e+01,-5.669262999999999941e+00,1.676014999999999944e+01,-1.413799999999999953e-02,6.101996999999999893e+00,1.045293400000000084e+01,1.619242999999999988e+00,1.979366999999999877e+01,7.280769000000000268e+00,1.261135799999999918e+01,2.510410999999999948e+00,3.761970999999999954e+00,1.434024400000000021e+01,3.041377200000000158e+01,2.333506399999999914e+01,1.966422199999999876e+01,6.987373999999999974e+00,3.387853100000000239e+01,3.686497700000000322e+01,4.031444299999999714e+01,5.511073700000000031e+01,7.629623800000000244e+01,2.514007000000000147e+01,4.071473900000000157e+01,6.087237000000000009e+00,2.286848900000000029e+01,2.291166099999999872e+01,4.832206099999999793e+01,3.594898200000000088e+01,2.599393699999999896e+01,2.030469799999999836e+01,2.692430200000000085e+01,3.512409600000000154e+01,3.499725500000000267e+01,3.897152599999999723e+01,3.119227800000000173e+01,2.264046000000000092e+01,3.154652300000000054e+01,4.489099000000000217e+01,4.653789199999999937e+01,5.180780299999999983e+01,4.739921700000000016e+01,2.549379400000000118e+01,4.548109800000000291e+01,3.609651099999999957e+01,4.093962599999999696e+01,2.769828700000000055e+01,7.032833499999999560e+01,3.079411800000000099e+01,6.512799099999999441e+01,9.458909999999999485e+00,-3.329950999999999883e+00,1.359750400000000070e+01,1.524177599999999977e+01,6.625975000000000392e+00,6.719928999999999597e+00,2.350824300000000022e+01,1.807389600000000129e+01,-9.369339000000000084e+00,2.105346899999999977e+01,1.897720100000000087e+01,4.193346799999999774e+01,1.478686300000000031e+01,2.625583999999999918e+01,1.944240200000000129e+01,1.961816900000000174e+01,9.493726000000000553e+00,2.288897599999999954e+01,1.088465599999999966e+01,2.233447299999999913e+01,2.923328000000000060e+01,2.601764999999999972e+01,1.346180400000000077e+01,1.268813899999999961e+01,7.944803500000000440e+01,1.999185900000000160e+01,4.899045000000000272e+01,4.189806399999999798e+01,4.904413900000000126e+01,3.106406099999999881e+01,1.618445699999999832e+01,1.357972000000000001e+01,8.240916999999999604e+00,8.627890999999999977e+00,2.363348900000000086e+01,3.028984399999999866e+01,2.560323599999999900e+01,2.933276100000000142e+01,3.576777799999999985e+01,4.853547999999999973e+01,5.862498699999999729e+01,4.085608799999999974e+01,3.451845399999999842e+01,2.157836899999999858e+01,1.531465299999999985e+01,1.069943800000000067e+01
2.264996500000000168e+01,3.907304500000000047e+01,1.255188599999999965e+01,1.696602999999999994e+01,-2.982842000000000215e+00,8.742502999999999247e+00,1.346164199999999944e+01,1.299113200000000035e+01,1.120991199999999921e+01,8.203105000000000757e+00,1.249592299999999945e+01,-5.425358000000000125e+00,7.914164999999999672e+00,5.524727999999999639e+00,2.091609499999999855e+01,2.042050000000000143e+00,8.653942000000000689e+00,9.586086999999999136e+00,6.173466999999999594e+00,3.208149199999999723e+01,1.534784900000000007e+01,2.853301999999999783e+00,2.096409399999999934e+01,1.144433000000000034e+00,6.273282000000000025e+00,1.901202599999999876e+01,5.333846999999999561e+00,3.773695599999999928e+01,1.417859499999999962e+01,1.285338999999999920e+01,-4.247234999999999872e+00,9.883100000000000218e-02,1.548352700000000048e+01,2.522546399999999878e+01,2.690839300000000023e+01,3.598650399999999649e+01,1.665696099999999902e+01,4.549866200000000305e+01,4.364026299999999736e+01,4.466126799999999974e+01,7.923729500000000314e+01,9.959132300000000271e+01,2.349319099999999949e+01,3.445425800000000294e+01,-3.049837999999999827e+00,1.938443900000000042e+01,2.174315700000000007e+01,6.294930300000000045e+01,2.301996099999999856e+01,1.195661100000000054e+01,1.839013599999999826e+01,1.636738300000000024e+01,3.062555400000000105e+01,2.800775499999999951e+01,4.275652999999999793e+01,3.143000200000000177e+01,1.515151700000000012e+01,2.575218699999999927e+01,3.297448399999999680e+01,4.565213800000000077e+01,4.308327200000000090e+01,4.261195500000000180e+01,3.178871699999999834e+01,4.809478099999999756e+01,3.110188300000000083e+01,4.014198100000000125e+01,2.081789799999999957e+01,7.222897600000000295e+01,2.893093400000000059e+01,6.134326099999999826e+01,8.700779999999999959e+00,6.264630000000000365e+00,1.438009100000000018e+01,1.128730299999999964e+01,5.262338999999999878e+00,1.189736100000000008e+01,2.125652699999999840e+01,1.803230100000000036e+01,1.520536599999999972e+01,3.601075800000000271e+01,2.712290300000000087e+01,4.669372899999999760e+01,2.320423999999999864e+01,3.902270999999999646e+01,2.045923300000000111e+01,1.772014799999999823e+01,1.921222600000000114e+01,3.035153299999999987e+01,1.750373599999999996e+01,2.569484500000000082e+01,2.983472799999999836e+01,3.242784100000000080e+01,1.842897200000000169e+01,1.862611100000000164e+01,8.775632500000000391e+01,1.118018299999999954e+01,6.268448699999999718e+01,5.109870099999999837e+01,5.324675899999999729e+01,3.066117900000000063e+01,1.354781400000000069e+01,1.729793899999999951e+01,1.039110499999999959e+01,1.180330499999999994e+01,1.959021999999999863e+01,3.763226900000000086e+01,2.173933099999999996e+01,1.986327400000000054e+01,3.124519199999999941e+01,4.181215399999999960e+01,9.461169099999999332e+01,3.858356500000000011e+01,2.051630600000000015e+01,2.719117299999999915e+01,2.375889499999999899e+01,2.088578000000000046e+00
1.128281300000000087e+01,2.838988700000000165e+01,4.108554999999999957e+00,8.363542999999999950e+00,-8.141657000000000366e+00,6.741164999999999630e+00,6.206358999999999959e+00,2.474905000000000133e+00,3.908205000000000151e+00,-2.773673000000000055e+00,2.601758999999999933e+00,-1.565313000000000088e+01,7.171870000000000189e-01,-8.104542999999999608e+00,1.587241399999999913e+01,-1.489611999999999936e+00,9.976000000000000867e+00,1.504063400000000073e+01,-5.900440000000000129e-01,2.217075900000000033e+01,7.394763000000000197e+00,1.445467499999999994e+01,1.874913400000000152e+01,3.088687999999999878e+00,5.225655999999999857e+00,2.090867099999999823e+01,5.154954000000000036e+00,4.166139700000000090e+01,1.788040799999999919e+01,7.893817000000000306e+00,-9.683484999999999232e+00,-5.337518000000000207e+00,1.470879099999999973e+01,1.395988700000000016e+01,2.372648600000000130e+01,4.306885599999999670e+01,2.152986900000000148e+01,4.395853300000000274e+01,3.859568199999999649e+01,3.351057200000000336e+01,7.951116799999999785e+01,9.115198800000000290e+01,2.248695100000000124e+01,2.826294599999999946e+01,-3.196908999999999779e+00,1.888070799999999849e+01,2.107519100000000023e+01,6.726523099999999999e+01,1.200914999999999999e+01,2.032735999999999876e+00,1.711194300000000013e+01,8.651358999999999355e+00,2.311338100000000040e+01,1.808656999999999826e+01,3.784049499999999711e+01,2.797031700000000143e+01,5.855815999999999910e+00,1.713078199999999995e+01,1.914328799999999831e+01,4.126790799999999848e+01,2.476801800000000142e+01,2.975070699999999846e+01,3.075105500000000092e+01,3.944153599999999926e+01,1.909507500000000135e+01,3.341910200000000231e+01,1.076295600000000086e+01,6.016941700000000282e+01,2.213218000000000174e+01,4.884282400000000024e+01,3.477665000000000006e+00,9.449063000000000656e+00,1.154513099999999959e+01,4.108679000000000414e+00,4.685620000000000118e+00,1.031146599999999935e+01,1.199856600000000029e+01,1.340143899999999988e+01,3.749864600000000081e+01,4.188130600000000214e+01,3.090165400000000062e+01,4.149695299999999776e+01,2.532182800000000000e+01,3.763056999999999874e+01,1.728807799999999872e+01,1.487910199999999961e+01,2.270622900000000044e+01,3.188585199999999986e+01,2.051153599999999955e+01,2.265700700000000012e+01,2.340868700000000047e+01,3.012557899999999833e+01,1.755543799999999877e+01,2.084581500000000176e+01,6.228702100000000286e+01,2.630950000000000233e-01,6.004172599999999704e+01,4.824134000000000100e+01,4.762732100000000202e+01,2.347815200000000146e+01,6.528927999999999621e+00,1.569615499999999919e+01,1.008912499999999923e+01,1.184798699999999982e+01,1.296497600000000006e+01,4.103822900000000118e+01,1.621537400000000062e+01,1.043019199999999991e+01,1.568369599999999942e+01,1.926822500000000105e+01,1.094232949999999960e+02,3.271650400000000047e+01,4.501412000000000191e+00,2.955806000000000111e+01,2.249274199999999979e+01,-5.687124999999999986e+00
4.791045999999999694e+00,2.047698600000000013e+01,-3.299958999999999865e+00,7.505669999999999842e-01,-1.165598699999999965e+01,4.306910000000000238e+00,-7.660439999999999472e-01,-4.757042000000000215e+00,-4.736347999999999558e+00,-1.065473099999999995e+01,-1.719216000000000077e+00,-1.394835199999999986e+01,-5.302399999999999558e+00,-1.376301300000000083e+01,6.914462999999999582e+00,-3.341559999999999864e+00,1.107672900000000027e+01,1.644507000000000119e+01,-5.593683000000000405e+00,1.600250399999999829e+01,1.104630000000000056e-01,2.565270599999999845e+01,1.184439099999999989e+01,7.039054000000000144e+00,4.444422000000000317e+00,1.838514100000000084e+01,1.780078999999999967e+00,3.241012700000000279e+01,1.707723100000000116e+01,2.260753999999999930e+00,-9.532747000000000526e+00,-5.506601999999999997e+00,1.395889000000000024e+01,5.822276999999999703e+00,1.576323799999999942e+01,3.870048599999999794e+01,2.335505399999999909e+01,3.288247899999999646e+01,2.777861899999999906e+01,1.488246700000000011e+01,6.165669199999999961e+01,5.707331899999999791e+01,2.453154200000000174e+01,2.843120000000000047e+01,7.011357000000000284e+00,2.355011999999999972e+01,2.388075299999999856e+01,6.191755899999999713e+01,9.977688999999999808e+00,2.696450000000000014e+00,1.891539099999999962e+01,9.150109999999999744e+00,1.773488499999999846e+01,1.173435699999999926e+01,2.874663299999999921e+01,2.443753999999999849e+01,4.338670000000000027e-01,1.073781999999999925e+01,1.133061700000000016e+01,3.871211300000000222e+01,6.631648000000000209e+00,1.798722400000000121e+01,2.466395800000000094e+01,2.685754599999999925e+01,6.727573999999999721e+00,2.626999199999999846e+01,4.180900000000000283e+00,4.237037200000000325e+01,1.660972500000000096e+01,3.858195099999999655e+01,-2.770941000000000098e+00,7.769375000000000142e+00,7.091477000000000253e+00,-2.583483999999999892e+00,3.856630000000000003e+00,4.862179000000000251e+00,2.713410999999999795e+00,1.095749099999999920e+01,4.591517400000000038e+01,3.670520799999999895e+01,2.943422699999999992e+01,3.034775000000000134e+01,1.997279699999999991e+01,2.467971000000000004e+01,1.214724600000000088e+01,1.422147099999999931e+01,1.857244899999999888e+01,2.692594199999999915e+01,1.892808700000000144e+01,1.611205299999999951e+01,1.432807799999999965e+01,2.133336299999999852e+01,1.159305999999999948e+01,1.873046099999999825e+01,2.156125300000000067e+01,-4.281850999999999630e+00,4.609392100000000170e+01,3.735798599999999681e+01,3.781638800000000344e+01,1.557754100000000008e+01,-3.386049999999999893e-01,1.010431200000000018e+01,8.067104000000000497e+00,8.835891999999999413e+00,9.083977000000000857e+00,4.101838899999999910e+01,1.299735199999999935e+01,6.289551999999999587e+00,2.401968000000000103e+00,-5.746348000000000233e+00,1.019607579999999984e+02,2.971948199999999929e+01,-4.939161999999999608e+00,2.988111800000000073e+01,1.623382000000000147e+01,-4.858877999999999808e+00
6.241246000000000294e+00,1.941746499999999997e+01,-6.604795000000000194e+00,-1.034416000000000002e+00,-1.131858899999999934e+01,3.785327000000000108e+00,-4.360555999999999877e+00,-4.240293999999999563e+00,-9.870072999999999652e+00,-1.029011299999999984e+01,6.957430000000000003e-01,6.277110000000000190e-01,-7.610767000000000060e+00,-7.805152999999999786e+00,-3.164999999999999845e-03,-1.474680999999999909e+00,1.285573600000000027e+01,1.469525600000000054e+01,-6.212537000000000198e+00,1.805106299999999919e+01,-2.039699000000000151e+00,3.197155100000000161e+01,4.659349999999999881e+00,1.275451999999999941e+01,5.153565000000000396e+00,1.583531100000000080e+01,-2.050634000000000068e+00,1.782193799999999939e+01,1.322872500000000073e+01,1.070130999999999943e+00,-2.994753999999999916e+00,2.924431999999999920e+00,1.444148500000000013e+01,7.660205999999999626e+00,7.127006999999999870e+00,2.645123200000000097e+01,2.581717300000000037e+01,2.090194599999999880e+01,2.035667899999999975e+01,1.251648000000000094e+00,4.014299199999999956e+01,1.772103099999999998e+01,2.963980799999999860e+01,3.709313399999999916e+01,2.342193299999999923e+01,3.281636000000000308e+01,3.113254699999999886e+01,5.199864000000000175e+01,1.844945099999999982e+01,1.465218499999999935e+01,2.417857499999999860e+01,1.885571099999999944e+01,1.829090100000000163e+01,1.409994499999999995e+01,2.127350699999999861e+01,2.485625900000000144e+01,2.276377000000000095e+00,1.000985599999999920e+01,1.352642499999999970e+01,4.083251899999999779e+01,-2.001965999999999912e+00,1.542394700000000007e+01,1.803507700000000114e+01,1.893956500000000176e+01,6.382970000000000033e-01,2.364721000000000117e+01,4.958148000000000444e+00,2.941689099999999968e+01,1.619388400000000061e+01,3.587052400000000318e+01,-5.989207000000000392e+00,5.348626000000000325e+00,4.271829000000000320e+00,-4.114256000000000135e+00,3.987420000000000186e+00,1.465690000000000048e-01,8.615720000000000045e-01,1.579987400000000086e+01,3.884460500000000138e+01,2.564554700000000054e+01,2.555829699999999960e+01,2.061774600000000035e+01,1.037334399999999945e+01,9.323800999999999561e+00,8.280630000000000379e+00,1.736656999999999940e+01,9.267167999999999850e+00,1.811474400000000173e+01,1.396696400000000082e+01,1.066492000000000040e+01,8.117095000000000837e+00,1.141125700000000087e+01,3.809906999999999933e+00,1.324469200000000058e+01,-7.650776999999999717e+00,2.796097000000000055e+00,3.105020499999999828e+01,2.658854799999999940e+01,3.134877799999999937e+01,1.277146300000000068e+01,-2.976589999999999847e+00,3.805219999999999825e+00,5.672767000000000337e+00,4.404703999999999731e+00,1.084708900000000042e+01,3.763807899999999762e+01,1.416359800000000035e+01,7.929643999999999693e+00,5.431633999999999851e+00,-1.942983999999999867e+01,8.085316299999999501e+01,3.380181300000000277e+01,-2.299833000000000016e+00,2.847367500000000007e+01,1.257178500000000021e+01,4.815614000000000061e+00
1.348387499999999939e+01,2.395408000000000115e+01,-5.183575000000000266e+00,4.318425999999999654e+00,-7.170702000000000353e+00,6.114962000000000231e+00,-3.557510999999999868e+00,3.959311000000000025e+00,-9.126920999999999395e+00,-1.546251000000000042e+00,7.156399999999999650e+00,2.068944300000000069e+01,-5.844154999999999767e+00,6.217051999999999801e+00,-6.501460000000000017e-01,3.673258000000000134e+00,1.631833900000000170e+01,1.299722399999999922e+01,-2.321628000000000025e+00,2.585833699999999880e+01,1.828532000000000046e+00,3.053704300000000060e+01,1.509786999999999990e+00,1.867559100000000072e+01,7.241272999999999627e+00,1.625115900000000124e+01,-3.266509999999999803e+00,7.609970999999999819e+00,9.278406000000000375e+00,6.041589000000000098e+00,6.604809000000000374e+00,1.695345100000000116e+01,1.547698399999999985e+01,1.937786200000000036e+01,1.786793999999999993e+00,1.363307299999999955e+01,3.088062100000000143e+01,1.582094599999999929e+01,2.248469400000000107e+01,1.683759000000000006e+00,2.858742099999999908e+01,-4.454240999999999673e+00,3.520315200000000289e+01,5.018412000000000006e+01,3.834964500000000243e+01,4.298919999999999675e+01,4.034338199999999830e+01,4.333886700000000047e+01,3.222603900000000010e+01,3.193056500000000142e+01,3.047583600000000104e+01,3.308508499999999941e+01,2.448792800000000014e+01,2.484838699999999889e+01,1.891564800000000091e+01,3.040880200000000144e+01,1.022012699999999974e+01,1.449158100000000005e+01,2.348194499999999962e+01,4.597172900000000340e+01,1.886845000000000105e+00,2.378437699999999921e+01,1.453736199999999990e+01,1.980836299999999994e+01,3.440774999999999917e+00,2.675600899999999882e+01,1.165775999999999968e+01,2.743388500000000008e+01,1.920730100000000107e+01,3.695992100000000136e+01,-4.288035999999999959e+00,5.750104000000000326e+00,5.193010000000000126e+00,1.776658000000000071e+00,6.795754999999999768e+00,-6.078540000000000054e-01,8.857744999999999536e+00,2.741545699999999997e+01,2.451148299999999836e+01,1.661914399999999858e+01,2.341828900000000147e+01,1.826470199999999977e+01,2.062162999999999968e+00,1.201392000000000015e+00,7.868784999999999918e+00,2.293717300000000137e+01,-3.370469999999999855e-01,1.003909499999999966e+01,8.294544000000000139e+00,9.605306000000000566e+00,7.811555000000000248e+00,5.092145999999999617e+00,-2.139747999999999983e+00,6.480030000000000179e+00,-7.559122000000000341e+00,1.967024599999999879e+01,2.361927299999999974e+01,2.249126199999999898e+01,3.230275699999999972e+01,1.671646399999999844e+01,-4.406749999999999834e-01,-1.866130000000000011e-01,3.953807999999999989e+00,6.703179999999999694e-01,1.668765499999999946e+01,3.103657700000000119e+01,1.876796200000000070e+01,1.148441200000000073e+01,2.922174000000000049e+01,-1.616808800000000090e+01,5.822223499999999774e+01,4.384893499999999733e+01,1.042889100000000013e+01,2.415317399999999992e+01,1.572771299999999961e+01,1.616522600000000054e+01
2.070765199999999950e+01,2.843375999999999948e+01,-1.021158000000000010e+00,1.357572799999999980e+01,-1.376444000000000001e+00,1.005971500000000063e+01,1.178359999999999963e-01,1.518911899999999982e+01,-3.757893999999999846e+00,1.051927000000000056e+01,1.298415299999999917e+01,3.471109700000000231e+01,-1.781071999999999989e+00,1.966473999999999833e+01,4.795428000000000246e+00,9.428919999999999746e+00,2.107911800000000113e+01,1.397156099999999945e+01,3.773162999999999823e+00,3.215246700000000146e+01,8.618130999999999986e+00,2.209619700000000009e+01,3.779332000000000136e+00,2.277348800000000040e+01,9.014314000000000604e+00,1.884828500000000062e+01,-4.867040000000000255e-01,7.128306000000000253e+00,7.474707000000000434e+00,1.389237100000000069e+01,1.380543600000000026e+01,2.898588499999999968e+01,1.491862500000000047e+01,3.394774999999999920e+01,1.350424999999999986e+00,6.979051000000000116e+00,3.652066399999999646e+01,1.929138800000000131e+01,3.306052999999999997e+01,1.578336099999999931e+01,3.111744799999999955e+01,1.331158000000000063e+00,3.753925900000000127e+01,5.945924000000000120e+01,4.468348300000000251e+01,4.879646100000000075e+01,4.638797699999999935e+01,3.857558099999999968e+01,4.256599400000000344e+01,4.511977600000000166e+01,3.369798200000000321e+01,4.377972100000000211e+01,3.182514600000000016e+01,3.745427600000000012e+01,2.097261400000000009e+01,3.783109400000000022e+01,1.908469200000000043e+01,1.995879199999999898e+01,3.414726499999999731e+01,4.914381000000000199e+01,1.333294500000000049e+01,3.708416900000000282e+01,1.474613399999999963e+01,2.653914800000000085e+01,1.207701999999999920e+01,3.216372100000000245e+01,1.864929599999999965e+01,3.419051400000000029e+01,1.975607199999999963e+01,3.317473499999999831e+01,9.135959999999999637e-01,9.611959000000000586e+00,9.143618000000000023e+00,1.273981099999999955e+01,1.210313799999999951e+01,2.671546000000000198e+00,2.183979599999999976e+01,3.958450200000000052e+01,1.387779399999999974e+01,1.433878299999999939e+01,2.491465600000000080e+01,2.368060099999999935e+01,-8.316050000000000386e-01,4.134402999999999828e+00,1.051221899999999998e+01,2.703493299999999877e+01,-5.808910000000000018e+00,6.463238999999999734e+00,4.420141000000000098e+00,1.277551099999999984e+01,1.202958899999999964e+01,3.497320999999999902e+00,-4.319404999999999717e+00,7.572480000000000322e-01,1.921509100000000103e+01,3.779853200000000157e+01,2.558905199999999880e+01,2.543581800000000115e+01,3.829782099999999900e+01,2.383190000000000097e+01,4.629425000000000345e+00,-9.631250000000000089e-01,3.093373000000000150e+00,-1.060729000000000033e+00,2.169785999999999859e+01,2.226385199999999998e+01,2.353922400000000081e+01,1.221452400000000083e+01,6.326307800000000015e+01,-1.423653999999999975e+00,4.240438300000000282e+01,5.363228999999999758e+01,2.406195299999999904e+01,1.524688500000000069e+01,2.288353599999999943e+01,1.992007800000000017e+01
2.221511999999999887e+01,2.665069000000000088e+01,2.723206999999999933e+00,2.080158899999999988e+01,3.215106000000000019e+00,1.286239199999999983e+01,3.708337000000000216e+00,2.291482399999999942e+01,2.513012999999999941e+00,1.876550800000000052e+01,1.426402099999999962e+01,3.408256500000000244e+01,1.897980999999999918e+00,2.419686099999999840e+01,1.185107799999999934e+01,1.248381499999999988e+01,2.484873599999999882e+01,1.732087100000000035e+01,8.865073000000000647e+00,3.044221699999999942e+01,1.334224799999999966e+01,1.096719299999999997e+01,8.975680000000000547e+00,2.341531200000000013e+01,8.116863999999999635e+00,1.962668199999999885e+01,4.975188000000000166e+00,1.415401999999999916e+01,7.826840999999999937e+00,1.845559499999999886e+01,1.436779399999999995e+01,3.172092800000000068e+01,1.092986299999999922e+01,4.194374899999999684e+01,4.173246999999999929e+00,8.494281000000000859e+00,3.771918399999999849e+01,2.563390899999999917e+01,4.416872200000000248e+01,3.355206499999999892e+01,4.023234500000000224e+01,2.755920599999999965e+01,3.419541199999999748e+01,5.742512899999999831e+01,3.959205999999999648e+01,4.609508999999999901e+01,4.437045200000000023e+01,3.560505299999999806e+01,4.258094599999999730e+01,4.680725999999999942e+01,3.046655000000000157e+01,4.418247099999999961e+01,3.438239399999999790e+01,4.294369999999999976e+01,2.342261299999999835e+01,4.094186400000000248e+01,2.279653700000000072e+01,2.105212799999999973e+01,3.781888099999999753e+01,4.545794599999999974e+01,2.300414599999999865e+01,4.532178100000000143e+01,1.619252399999999881e+01,3.153283700000000067e+01,1.965352400000000088e+01,3.388816500000000076e+01,2.004370199999999969e+01,4.067806900000000070e+01,1.261503399999999964e+01,1.907669800000000038e+01,6.114113999999999827e+00,1.450723900000000022e+01,1.293376499999999929e+01,2.265953299999999970e+01,1.710699599999999876e+01,7.343310999999999922e+00,3.061972000000000094e+01,4.430809699999999651e+01,1.233986200000000011e+01,1.725119700000000122e+01,2.787833900000000042e+01,3.115290600000000154e+01,1.600786000000000042e+00,1.374118400000000051e+01,1.336820799999999920e+01,2.557358400000000032e+01,-5.698898999999999937e+00,7.825370000000000381e+00,3.225547999999999860e+00,1.673244299999999996e+01,1.607630800000000093e+01,3.925276000000000209e+00,-3.271260999999999974e+00,-2.356793000000000138e+00,5.170989900000000006e+01,4.654413499999999715e+01,3.113553599999999832e+01,2.933780000000000143e+01,4.210094000000000136e+01,2.776908299999999841e+01,8.040101999999999194e+00,2.450000000000000094e-02,2.508779000000000092e+00,-9.381800000000000139e-01,2.107690900000000056e+01,1.333164700000000025e+01,2.484829099999999968e+01,8.261449000000000709e+00,8.647523300000000290e+01,1.284433600000000020e+01,3.388941400000000215e+01,5.529484300000000019e+01,2.763062400000000096e+01,1.515968999999999900e+00,2.603112300000000090e+01,1.134073899999999924e+01
1.597065899999999949e+01,1.607109099999999913e+01,3.729516999999999971e+00,2.100179199999999824e+01,4.811976999999999727e+00,1.199524800000000013e+01,4.760067000000000270e+00,2.255539599999999822e+01,6.038020000000000387e+00,1.840345299999999895e+01,9.841120999999999341e+00,1.849620000000000175e+01,3.228566999999999965e+00,1.693015600000000020e+01,1.464612200000000009e+01,1.090127200000000052e+01,2.466781900000000149e+01,2.000198699999999974e+01,1.081628599999999985e+01,1.998426800000000014e+01,1.227002399999999938e+01,2.765826999999999813e+00,1.243503199999999964e+01,1.988010500000000036e+01,3.179558000000000106e+00,1.455834199999999967e+01,9.857744000000000284e+00,2.083366099999999932e+01,8.286714999999999165e+00,1.514648299999999992e+01,7.881848999999999883e+00,2.294222099999999998e+01,3.803857999999999961e+00,3.757900899999999922e+01,6.392775000000000318e+00,1.411459499999999956e+01,3.019220500000000129e+01,2.576087899999999919e+01,4.602884300000000195e+01,4.153846599999999967e+01,4.247268199999999894e+01,5.328019900000000320e+01,2.553075899999999976e+01,4.205504200000000026e+01,2.561084699999999970e+01,3.423481499999999755e+01,3.280243800000000221e+01,2.946115599999999901e+01,3.127147000000000077e+01,3.580014599999999803e+01,2.035884000000000071e+01,3.294908300000000168e+01,2.873505099999999857e+01,3.586593400000000287e+01,2.184329999999999927e+01,3.460461099999999846e+01,1.818084999999999951e+01,1.483946899999999935e+01,3.044401200000000074e+01,3.337227099999999780e+01,2.360057899999999975e+01,4.090775800000000118e+01,1.558174200000000020e+01,2.815840199999999882e+01,1.974308999999999870e+01,2.726700200000000152e+01,1.366513800000000067e+01,3.715930099999999925e+01,-1.965883999999999965e+00,-1.929090999999999889e+00,8.338450999999999169e+00,1.691463200000000100e+01,1.309119399999999978e+01,2.528969700000000032e+01,1.816114100000000064e+01,1.014804200000000023e+01,2.799568500000000171e+01,3.719033100000000047e+01,1.653591300000000075e+01,1.945065599999999861e+01,2.759573599999999871e+01,3.259972499999999940e+01,5.202988000000000390e+00,2.056079599999999985e+01,1.298815899999999957e+01,1.704311999999999827e+01,-2.192622000000000071e+00,1.082835299999999989e+01,3.599476999999999816e+00,1.709030100000000019e+01,1.533496300000000012e+01,2.407345999999999986e+00,-1.112907000000000091e+00,-2.664501000000000008e+00,6.491324699999999837e+01,3.937614500000000106e+01,3.121437299999999837e+01,2.605675700000000106e+01,3.687759400000000198e+01,2.377557799999999943e+01,7.060067000000000093e+00,3.506730000000000125e-01,1.461489000000000038e+00,-2.035569999999999879e-01,1.347328599999999987e+01,6.176870000000000083e+00,2.072054299999999927e+01,1.867421999999999915e+00,7.981707299999999350e+01,1.679762900000000059e+01,2.658332199999999901e+01,4.410057900000000330e+01,1.558855900000000005e+01,-1.453103499999999926e+01,1.816646400000000128e+01,-6.378434000000000381e+00
4.692921000000000120e+00,-3.434150000000000258e-01,1.793360000000000065e+00,1.328601100000000024e+01,3.605172000000000043e+00,6.910498999999999725e+00,2.816424000000000039e+00,1.411884900000000087e+01,5.517123999999999917e+00,9.917557000000000400e+00,1.585960000000000036e+00,-3.816005000000000091e+00,1.985055000000000014e+00,2.060963999999999796e+00,9.839608000000000132e+00,5.341882000000000019e+00,1.917408400000000057e+01,1.879925100000000171e+01,9.677414000000000627e+00,6.533224999999999838e+00,5.154036999999999757e+00,1.268032999999999966e+00,1.058875199999999950e+01,1.260200000000000031e+01,-4.845702000000000176e+00,3.138360000000000039e+00,1.103665900000000022e+01,1.941611299999999929e+01,6.516423999999999772e+00,4.576228000000000407e+00,-1.968917999999999946e+00,7.121623999999999732e+00,-3.653239000000000125e+00,2.232289400000000157e+01,4.384153000000000411e+00,1.626671400000000034e+01,1.419455999999999918e+01,1.368547799999999981e+01,3.333731999999999829e+01,3.148433500000000151e+01,2.811328999999999922e+01,5.752508300000000219e+01,1.457857800000000026e+01,1.820595399999999842e+01,8.619695999999999358e+00,1.659456300000000084e+01,1.493077399999999955e+01,1.632712300000000027e+01,1.364241799999999927e+01,1.745020699999999891e+01,6.464171000000000333e+00,1.496058799999999955e+01,1.633532200000000145e+01,1.837224099999999893e+01,1.439400400000000069e+01,1.850096699999999927e+01,6.997459000000000096e+00,2.969072000000000155e+00,1.360961900000000036e+01,1.561660999999999966e+01,1.462098399999999998e+01,2.364306300000000149e+01,1.148236900000000027e+01,1.568158900000000067e+01,1.051829099999999961e+01,1.219558199999999992e+01,2.371332999999999913e+00,1.974105099999999879e+01,-1.733728899999999840e+01,-1.909378999999999849e+01,7.192568999999999768e+00,1.480449699999999957e+01,8.378258000000000649e+00,1.832199599999999862e+01,1.365625799999999934e+01,9.380442999999999643e+00,1.402173600000000064e+01,2.064308499999999924e+01,1.832172900000000126e+01,1.579531599999999969e+01,2.069474100000000050e+01,2.324434300000000064e+01,4.845729000000000397e+00,1.661862100000000098e+01,7.724239999999999995e+00,3.847163999999999806e+00,5.151620000000000088e-01,1.062383200000000016e+01,3.419439000000000117e+00,1.148201800000000006e+01,8.607015999999999778e+00,-2.917632999999999921e+00,2.198100000000000054e-01,-1.256269000000000080e+00,4.673740800000000206e+01,1.787707400000000035e+01,2.003504900000000077e+01,1.152896400000000021e+01,2.144098500000000129e+01,1.202603700000000053e+01,2.278477999999999781e+00,-1.447000999999999982e+00,-2.944019999999999970e-01,-1.492739999999999900e-01,1.950439000000000034e+00,1.415002000000000093e+00,1.182353400000000043e+01,-2.648105999999999849e+00,3.939392699999999792e+01,9.306345999999999563e+00,1.322711199999999998e+01,2.160245499999999907e+01,-8.094889000000000223e+00,-2.817594100000000168e+01,-7.394669999999999854e-01,-2.402819500000000019e+01
-6.098438999999999943e+00,-1.592356599999999922e+01,-1.384581999999999979e+00,1.481503000000000014e+00,1.378687999999999914e+00,-3.976839999999999820e-01,-4.745860000000000078e-01,2.044877000000000056e+00,2.587683000000000177e+00,-1.391053000000000095e+00,-6.970280999999999949e+00,-2.113335800000000120e+01,-4.319200000000000261e-01,-1.200279300000000049e+01,-1.016130999999999895e+00,-1.243965999999999905e+00,1.014383699999999955e+01,1.320551700000000039e+01,7.270794999999999675e+00,-1.642775000000000096e+00,-4.739568000000000225e+00,6.376789999999999736e+00,3.529052000000000078e+00,3.274198999999999860e+00,-1.268880799999999986e+01,-1.039743900000000032e+01,7.591898999999999731e+00,7.772818000000000005e+00,1.926584999999999992e+00,-7.417192000000000007e+00,-9.611276000000000153e+00,-7.166584000000000287e+00,-7.687142999999999837e+00,3.829422000000000104e+00,-2.774754000000000165e+00,8.949887000000000370e+00,-4.519580999999999626e+00,-8.789739000000000857e+00,8.923752000000000351e+00,5.861988000000000198e+00,-1.543250999999999928e+00,3.268057999999999907e+01,5.270923999999999943e+00,-5.246725999999999779e+00,-5.813307000000000002e+00,-1.174463999999999952e+00,-2.880624000000000073e+00,-3.141988000000000003e+00,-2.968614999999999782e+00,-3.848700000000000038e-02,-6.220368999999999815e+00,-1.789701999999999904e+00,2.654888000000000137e+00,-7.206730000000000080e-01,2.929333999999999882e+00,-2.053036999999999779e+00,-5.120492999999999739e+00,-9.131213000000000690e+00,-6.738053999999999988e+00,-2.685674999999999812e+00,2.253988000000000103e+00,9.194369999999999488e-01,5.489870999999999945e+00,-2.986799999999999872e-02,-3.957752000000000159e+00,-6.408896999999999622e+00,-8.059893000000000640e+00,-6.865437000000000012e+00,-2.443745099999999937e+01,-2.195199200000000062e+01,4.890634999999999621e+00,9.045337999999999212e+00,8.005109999999999726e-01,5.017532000000000103e+00,5.519737000000000116e+00,5.678194999999999659e+00,-3.650701000000000196e+00,2.660689000000000082e+00,1.230828600000000073e+01,6.113744999999999763e+00,8.416902000000000328e+00,5.344668999999999670e+00,-1.711162999999999990e+00,1.031727999999999978e+00,-9.285539999999999905e-01,-8.814780999999999977e+00,-9.380060000000000064e-01,4.224383999999999695e+00,1.188642999999999894e+00,1.166779999999999928e+00,-9.344559999999999533e-01,-1.009708599999999912e+01,2.777870000000000061e-01,2.384519999999999973e-01,6.288319000000000436e+00,-8.932188000000000017e+00,-7.397430000000000394e-01,-1.060511400000000037e+01,1.670368000000000075e+00,-2.318500999999999923e+00,-2.956535999999999831e+00,-4.790926999999999936e+00,-2.283306000000000058e+00,-1.179929000000000006e+00,-7.985382999999999676e+00,-1.832368999999999915e+00,1.066948999999999925e+00,-2.348892000000000202e+00,-1.899164400000000086e+01,-1.913159000000000054e+00,-8.678337000000000856e+00,-4.751701999999999870e+00,-3.198984499999999898e+01,-3.484263599999999883e+01,-2.261199999999999832e+01,-3.206031000000000120e+01
-1.171266299999999916e+01,-2.451936500000000052e+01,-3.628948999999999980e+00,-8.267172999999999661e+00,1.854740000000000000e-01,-6.487204000000000192e+00,-2.668245999999999896e+00,-7.620017999999999958e+00,4.627490000000000214e-01,-8.893053000000000097e+00,-1.270717100000000066e+01,-2.533269900000000163e+01,-2.086516000000000037e+00,-1.802363000000000071e+01,-1.231348700000000029e+01,-5.327404999999999724e+00,1.876106999999999969e+00,6.200148000000000437e+00,5.616624999999999979e+00,3.847140000000000004e-01,-1.267813199999999973e+01,1.443637700000000024e+01,-4.995058000000000220e+00,-5.362103000000000286e+00,-1.636810699999999841e+01,-1.937536199999999909e+01,1.448069000000000051e+00,-9.126032000000000366e+00,-3.583836999999999939e+00,-1.354389199999999960e+01,-1.089162100000000066e+01,-1.239963799999999949e+01,-6.174742000000000175e+00,-9.014362999999999460e+00,-1.237130800000000086e+01,-7.858859999999999957e+00,-1.763636199999999832e+01,-3.252894899999999723e+01,-1.769098599999999877e+01,-2.340662199999999871e+01,-3.414753699999999981e+01,-1.080977799999999966e+01,1.110680000000000001e-01,-2.075305499999999981e+01,-1.533282699999999998e+01,-1.423357400000000084e+01,-1.486819599999999930e+01,-2.361316300000000012e+01,-1.372335600000000078e+01,-1.080507399999999940e+01,-1.366571000000000069e+01,-1.123628099999999996e+01,-6.421613999999999933e+00,-1.160774699999999982e+01,-8.382327000000000083e+00,-1.910526399999999825e+01,-1.217372600000000027e+01,-1.564030499999999968e+01,-2.384569099999999864e+01,-1.726674399999999920e+01,-5.423426000000000080e+00,-1.704375599999999835e+01,1.015358999999999901e+00,-1.056737500000000018e+01,-1.626899200000000079e+01,-2.137217599999999962e+01,-1.290642800000000001e+01,-3.225083999999999662e+01,-1.806532699999999991e+01,-8.354877999999999361e+00,4.301110000000000433e+00,2.747030999999999779e+00,-5.678012999999999977e+00,-7.875586000000000197e+00,-2.102418999999999816e+00,1.061309999999999976e+00,-1.485148099999999971e+01,-8.149008999999999503e+00,7.139360000000000150e-01,-4.721739999999999604e+00,-3.450264000000000220e+00,-1.278476999999999997e+01,-1.197907000000000011e+01,-1.913813199999999881e+01,-9.085304999999999964e+00,-1.595002700000000040e+01,-6.870375000000000121e+00,-7.234511000000000358e+00,-2.844834999999999781e+00,-9.773502000000000578e+00,-7.891664999999999708e+00,-1.459994999999999976e+01,8.086300000000000432e-02,6.262339999999999574e-01,-3.209182400000000257e+01,-2.957363700000000151e+01,-2.287306099999999986e+01,-3.053464599999999862e+01,-1.315032000000000068e+01,-1.237742300000000029e+01,-5.036360000000000170e+00,-7.579321000000000197e+00,-3.644343000000000110e+00,-2.633030000000000204e+00,-1.186255799999999994e+01,-4.630657000000000245e+00,-7.815647000000000233e+00,2.202323999999999948e+00,-6.783413699999999835e+01,-6.391923000000000243e+00,-3.433215500000000020e+01,-2.547526300000000177e+01,-4.426716700000000060e+01,-3.284269900000000320e+01,-3.615142300000000120e+01,-2.615485800000000083e+01
-1.120959799999999973e+01,-2.437927799999999934e+01,-3.897928999999999977e+00,-1.140383300000000055e+01,1.019403000000000059e+00,-8.581400000000000361e+00,-2.350439999999999863e+00,-1.094034199999999935e+01,1.591817000000000037e+00,-8.826795000000000613e+00,-1.455417699999999925e+01,-1.653317600000000098e+01,-1.868157000000000068e+00,-1.430329799999999985e+01,-1.801180799999999849e+01,-4.939583999999999975e+00,-1.448142999999999958e+00,2.159939000000000053e+00,5.366031000000000439e+00,1.062125999999999948e+01,-1.524847899999999967e+01,2.059629899999999836e+01,-1.024167100000000019e+01,-1.039898499999999970e+01,-1.358471199999999968e+01,-1.918611399999999989e+01,-3.888665000000000038e+00,-2.273648800000000136e+01,-6.849105999999999916e+00,-1.009014799999999923e+01,-5.511694999999999567e+00,-6.670194999999999652e+00,-4.119519999999999849e-01,-1.164640299999999939e+01,-1.938339500000000015e+01,-2.748725999999999914e+01,-1.942896400000000057e+01,-4.656086100000000272e+01,-3.597768899999999803e+01,-4.231374999999999886e+01,-5.368785799999999853e+01,-5.136642299999999750e+01,-1.295671999999999935e+00,-2.647209000000000145e+01,-2.123432199999999881e+01,-2.107311699999999988e+01,-1.932195700000000116e+01,-3.827478299999999933e+01,-1.901755599999999902e+01,-1.458409799999999912e+01,-1.518514200000000081e+01,-1.287395899999999926e+01,-8.535716999999999999e+00,-1.018807499999999955e+01,-1.589466900000000038e+01,-2.702682599999999979e+01,-1.150408700000000017e+01,-1.416223199999999949e+01,-3.375703899999999891e+01,-2.707870000000000132e+01,-4.479224999999999568e+00,-2.376742499999999936e+01,6.086939999999999573e-01,-1.096827299999999994e+01,-2.053539299999999912e+01,-2.761465700000000112e+01,-1.158433999999999919e+01,-4.697798999999999836e+01,-1.001082000000000027e+00,1.316834899999999919e+01,6.513719000000000037e+00,-8.990740000000000398e-01,-7.845996000000000414e+00,-1.457124400000000009e+01,-6.076605999999999952e+00,-2.876847000000000154e+00,-1.397074399999999983e+01,-8.054688999999999766e+00,-8.362116000000000327e+00,-1.075575699999999912e+01,-8.290532999999999930e+00,-2.205360399999999998e+01,-2.031434899999999999e+01,-3.338845899999999745e+01,-1.295825499999999941e+01,-1.578419899999999920e+01,-1.439431300000000036e+01,-1.906886000000000081e+01,-6.903425000000000367e+00,-1.707424599999999870e+01,-8.455334999999999823e+00,-1.266334299999999935e+01,9.153930000000000122e-01,-2.675170000000000048e-01,-4.494293499999999852e+01,-3.640246499999999941e+01,-3.688610800000000012e+01,-3.818040700000000243e+01,-1.670694500000000104e+01,-1.398876800000000031e+01,-2.702895999999999965e+00,-7.853105000000000224e+00,-3.787638999999999978e+00,-3.433978000000000197e+00,-8.898068000000000310e+00,-6.532483000000000040e+00,-1.196167499999999961e+01,7.696689000000000114e+00,-8.408821700000000021e+01,1.270234000000000085e+00,-5.421148999999999774e+01,-3.418498999999999910e+01,-4.008210600000000312e+01,-2.462867400000000018e+01,-3.442005799999999738e+01,-9.297762000000000526e+00
-7.768601000000000312e+00,-1.911895799999999923e+01,-2.978110000000000035e+00,-7.827469999999999928e+00,3.314836999999999811e+00,-6.321436000000000277e+00,-2.460009999999999974e-01,-8.371425999999999590e+00,5.897216000000000236e+00,-2.456071999999999811e+00,-1.390173799999999993e+01,-2.497721999999999998e+00,-2.852779999999999760e-01,-5.303627999999999787e+00,-1.572061700000000073e+01,-9.390420000000000433e-01,1.333207999999999949e+00,3.459944999999999826e+00,5.363423000000000052e+00,2.129650099999999924e+01,-1.220052599999999998e+01,2.164339400000000069e+01,-9.950644000000000489e+00,-1.028802699999999959e+01,-5.406265999999999572e+00,-1.089958599999999933e+01,-5.666755000000000209e+00,-2.688155899999999932e+01,-5.818656999999999968e+00,3.682039999999999758e-01,2.823243000000000169e+00,5.094452000000000425e+00,5.301262000000000363e+00,-6.428187999999999569e+00,-1.942615500000000139e+01,-4.027699299999999738e+01,-1.070973900000000079e+01,-4.504180099999999953e+01,-4.069731900000000024e+01,-4.343212599999999668e+01,-5.054708399999999813e+01,-7.006451900000000421e+01,-1.964104000000000072e+00,-2.687379100000000065e+01,-2.646544400000000152e+01,-2.383185299999999884e+01,-1.942878699999999981e+01,-4.329037499999999739e+01,-2.342043100000000067e+01,-1.596502300000000041e+01,-1.376049800000000012e+01,-1.156411899999999982e+01,-6.411882000000000303e+00,-1.082127000000000061e+00,-1.880284999999999940e+01,-2.603305100000000039e+01,-5.326192999999999955e+00,-7.410409999999999719e+00,-3.689752399999999710e+01,-3.424535399999999896e+01,1.913632000000000000e+00,-2.046147699999999858e+01,3.813009999999999788e+00,-3.383194000000000035e+00,-1.649662700000000015e+01,-2.530094700000000074e+01,-7.806345999999999563e+00,-4.856727000000000061e+01,1.705889700000000175e+01,2.856186599999999842e+01,9.771390999999999494e+00,-7.395270000000000454e-01,-5.455036999999999914e+00,-1.396006900000000073e+01,-6.810351999999999961e+00,-6.166616999999999571e+00,-4.027294999999999625e+00,-5.799260000000000526e-01,-7.756524999999999892e+00,-9.716153999999999513e+00,-3.511534000000000155e+00,-1.871000199999999936e+01,-2.184061300000000116e+01,-3.461107499999999959e+01,-1.145743399999999923e+01,-1.080789700000000053e+01,-1.936454600000000070e+01,-2.614371099999999970e+01,-9.072027000000000285e+00,-1.895113900000000129e+01,-3.252889999999999837e+00,-4.394860000000000433e+00,2.937511999999999901e+00,-1.785852999999999913e+00,-2.514014099999999985e+01,-2.948809899999999828e+01,-3.822249699999999706e+01,-2.968504099999999823e+01,-1.028848100000000088e+01,-8.396815000000000140e+00,2.061087000000000113e+00,-5.357528000000000290e+00,-2.908850000000000158e+00,-3.046511000000000191e+00,-2.220216000000000189e+00,-5.302830000000000155e+00,-1.064011299999999949e+01,1.082953099999999935e+01,-6.324015899999999846e+01,1.733442300000000103e+01,-6.021309300000000064e+01,-3.102946199999999877e+01,-2.429272299999999873e+01,-1.553280099999999919e+01,-1.969757699999999900e+01,1.037988900000000037e+01
-6.352027999999999786e+00,-1.513479500000000044e+01,-2.835520999999999958e+00,-1.811719999999999997e+00,5.496292999999999651e+00,-1.948744000000000032e+00,1.173224999999999962e+00,-4.167292999999999914e+00,1.072862899999999975e+01,5.144409999999999705e+00,-1.362470500000000051e+01,6.617898000000000280e+00,8.068619999999999681e-01,1.689381999999999939e+00,-8.474481000000000819e+00,3.446676000000000073e+00,7.356708000000000247e+00,8.455711000000000865e+00,3.628524000000000083e+00,2.386019699999999943e+01,-6.325283999999999907e+00,1.754372599999999949e+01,-6.098246999999999751e+00,-6.217177999999999649e+00,3.990561000000000025e+00,-1.226453999999999933e+00,-3.701420999999999850e+00,-2.185403000000000162e+01,-1.338154000000000066e+00,1.059274100000000018e+01,8.597569000000000017e+00,1.400451400000000035e+01,6.228145999999999738e+00,-7.105730000000000102e-01,-1.159486799999999995e+01,-3.950326499999999896e+01,1.226518999999999915e+00,-3.100403700000000029e+01,-3.474936699999999945e+01,-3.021485200000000049e+01,-2.770346599999999881e+01,-6.204365700000000317e+01,-5.651240999999999737e+00,-2.921483800000000031e+01,-3.280083199999999977e+01,-2.619517899999999955e+01,-2.081606599999999929e+01,-4.035447400000000329e+01,-3.172486400000000017e+01,-2.036206299999999914e+01,-1.402343600000000023e+01,-1.368071800000000060e+01,-5.895234999999999559e+00,5.348371000000000208e+00,-1.937911899999999932e+01,-2.171712799999999888e+01,8.637340000000000018e-01,-1.517260999999999971e+00,-3.689547400000000010e+01,-4.177337099999999737e+01,5.724304000000000059e+00,-1.466245200000000004e+01,7.178245999999999682e+00,4.234676000000000329e+00,-9.932437000000000182e+00,-1.963582299999999847e+01,-6.830086999999999797e+00,-4.275104600000000232e+01,2.517121799999999965e+01,2.720098099999999874e+01,1.060828200000000088e+01,1.698048000000000002e+00,-1.324653999999999998e+00,-9.943972000000000477e+00,-7.859469999999999956e+00,-1.010724199999999939e+01,5.308213000000000292e+00,5.843555000000000277e+00,2.447211999999999943e+00,-4.818548999999999971e+00,7.054818000000000033e+00,-7.055845999999999840e+00,-1.592330100000000037e+01,-2.363932700000000153e+01,-7.070477999999999597e+00,-6.117506999999999806e+00,-1.910463100000000125e+01,-2.631009099999999989e+01,-8.813715000000000188e+00,-1.697826299999999833e+01,2.803097999999999868e+00,5.621972000000000413e+00,4.683821000000000012e+00,-3.228829000000000171e+00,1.352157000000000053e+01,-1.595124099999999956e+01,-3.008171400000000162e+01,-1.022403399999999962e+01,-2.243746999999999936e+00,-1.431513999999999953e+00,5.423428999999999611e+00,-1.852076000000000056e+00,-1.985484999999999944e+00,-1.978377000000000052e+00,3.245086000000000137e+00,1.033414000000000055e+00,-5.614351000000000091e+00,1.061755899999999997e+01,-2.197993699999999961e+01,3.124123799999999918e+01,-5.139810099999999693e+01,-2.235827000000000098e+01,-7.758658999999999750e+00,-1.063231000000000037e+01,-2.016844999999999999e+00,2.402698600000000084e+01
-1.023738600000000076e+01,-1.716386599999999873e+01,-5.095893000000000228e+00,9.971109999999999696e-01,6.123022999999999882e+00,1.259746999999999950e+00,-6.115880000000000205e-01,-3.297007999999999939e+00,1.256524100000000033e+01,8.731203000000000713e+00,-1.621299899999999994e+01,4.705459000000000280e+00,-5.695710000000000495e-01,1.523927999999999949e+00,-2.843731000000000009e+00,4.641868999999999801e+00,1.151745599999999925e+01,1.253931299999999993e+01,-9.770440000000000236e-01,1.436079100000000075e+01,-1.551082000000000072e+00,1.091329200000000021e+01,-3.546253999999999795e+00,-2.121770000000000156e+00,9.587785000000000224e+00,1.582427999999999946e+00,-4.059710000000000263e-01,-1.382748400000000011e+01,3.126139999999999919e+00,1.362320099999999989e+01,7.728867000000000154e+00,1.252489300000000050e+01,3.266200000000000214e-01,-1.722018999999999966e+00,6.056430000000000424e-01,-2.567232399999999970e+01,6.913228000000000151e+00,-1.431007999999999925e+01,-2.673035600000000045e+01,-1.417763500000000043e+01,9.904709999999999903e-01,-3.809098999999999791e+01,-1.445882300000000065e+01,-3.824381600000000248e+01,-3.920468300000000283e+01,-3.031087300000000084e+01,-2.734728499999999940e+01,-3.543321499999999702e+01,-4.489011200000000201e+01,-2.960798300000000083e+01,-1.910019600000000040e+01,-2.225704500000000152e+01,-1.172972000000000037e+01,1.507799999999999974e-01,-2.100406299999999860e+01,-2.081096399999999846e+01,1.913048999999999999e+00,-1.967905000000000015e+00,-3.756550899999999871e+01,-5.069132299999999702e+01,-9.298999999999999974e-03,-1.447828200000000010e+01,6.508271999999999835e+00,3.601116999999999901e+00,-8.825169999999999959e+00,-1.727776100000000170e+01,-1.173607799999999912e+01,-3.909804400000000157e+01,1.764812200000000075e+01,8.285647000000000872e+00,6.423297999999999952e+00,3.405076999999999909e+00,7.614900000000000002e-01,-8.149343000000000004e+00,-1.268640700000000088e+01,-1.563418300000000016e+01,4.537816000000000294e+00,3.448710000000000164e+00,1.431202000000000041e+01,-2.232019000000000197e+00,1.520283700000000060e+01,3.273554999999999993e+00,-6.680443999999999605e+00,-8.449320000000000164e+00,-4.264370000000000438e+00,-6.080360999999999905e+00,-1.409372399999999992e+01,-2.168332399999999893e+01,-7.423562000000000438e+00,-1.462660100000000085e+01,3.688515999999999906e+00,1.081181800000000059e+01,3.914620000000000211e+00,-4.601904000000000217e+00,4.536553099999999716e+01,-5.433425999999999867e+00,-2.103807799999999872e+01,8.769372000000000611e+00,-2.359570000000000167e+00,2.764800000000000035e-01,4.337081999999999660e+00,5.284799999999999914e-02,-2.207469999999999821e+00,-1.449651999999999941e+00,3.684308000000000138e+00,1.100361799999999945e+01,-4.458070000000000088e-01,8.381391999999999953e+00,1.241453899999999955e+01,3.247801100000000218e+01,-3.543210899999999697e+01,-1.678920300000000054e+01,5.646199999999999830e-02,-1.170753999999999984e+01,7.655680000000000263e+00,2.584342399999999884e+01
-1.866550300000000107e+01,-2.492036299999999827e+01,-9.686412999999999940e+00,-2.485294000000000114e+00,4.854306000000000232e+00,1.266483999999999943e+00,-6.230700999999999823e+00,-7.858514999999999695e+00,9.381427999999999656e+00,6.421507000000000076e+00,-2.196346399999999832e+01,-6.688659000000000354e+00,-5.026995999999999576e+00,-5.489396000000000164e+00,-4.454126999999999725e+00,1.125015000000000098e+00,9.913401999999999603e+00,1.157256399999999985e+01,-7.622888999999999804e+00,-4.322100999999999971e+00,-4.735659999999999870e-01,5.028457999999999650e+00,-6.421756000000000242e+00,-2.691643000000000008e+00,8.523512999999999451e+00,-6.565242999999999718e+00,9.793020000000000058e-01,-1.014894199999999991e+01,3.834081999999999990e+00,7.612682000000000393e+00,-5.473999999999999699e-03,-8.305510000000000392e-01,-1.015714499999999987e+01,-1.161234900000000003e+01,1.098005299999999984e+01,-6.308022000000000240e+00,6.688349999999999573e-01,-5.153373000000000204e+00,-2.483745100000000150e+01,-6.979853999999999559e+00,1.937785399999999925e+01,-1.583536600000000050e+01,-2.729743699999999862e+01,-5.262918599999999714e+01,-4.243755999999999773e+01,-3.492006299999999896e+01,-3.801153099999999796e+01,-3.445783200000000335e+01,-5.862277600000000177e+01,-4.025495899999999949e+01,-2.831374399999999980e+01,-3.447947700000000282e+01,-2.391069999999999851e+01,-1.773808700000000016e+01,-2.538814800000000105e+01,-2.612638000000000105e+01,-3.706437000000000204e+00,-9.810078000000000742e+00,-4.002308000000000021e+01,-5.861770800000000037e+01,-1.570321500000000015e+01,-2.240777699999999939e+01,-1.934819999999999873e-01,-8.010125999999999635e+00,-1.754940799999999967e+01,-2.162200699999999998e+01,-2.121877999999999886e+01,-4.393529099999999943e+01,-2.856889999999999930e+00,-1.958306299999999922e+01,-2.342662999999999940e+00,2.040204000000000129e+00,-1.133081999999999923e+00,-1.141663899999999998e+01,-2.105048599999999936e+01,-2.171542900000000031e+01,-8.690371999999999986e+00,-9.692252999999999119e+00,1.779966500000000096e+01,-6.227336000000000205e+00,1.368046700000000016e+01,3.775980999999999810e+00,-1.325590000000000102e-01,1.375876000000000099e+00,-6.355584999999999596e+00,-1.147840700000000069e+01,-7.536279000000000394e+00,-1.681749200000000144e+01,-7.007639000000000173e+00,-1.454435900000000004e+01,-3.588785000000000114e+00,6.684779999999999944e+00,-7.548669999999999547e-01,-6.669196999999999598e+00,4.917610700000000179e+01,-4.603532999999999653e+00,-1.910953900000000161e+01,1.624037300000000172e+01,-1.488080000000000069e+01,-6.411001999999999867e+00,-1.418581000000000092e+00,-1.301609000000000016e+00,-4.165168000000000426e+00,-2.464586000000000165e+00,-1.706714999999999982e+00,1.811214899999999872e+01,1.085326000000000013e+00,5.625459000000000209e+00,1.902123500000000078e+01,1.722353299999999976e+01,-2.443630900000000139e+01,-1.998235199999999878e+01,-3.033932000000000073e+00,-1.629203400000000101e+01,4.725081000000000309e+00,1.445628300000000088e+01
-2.709438700000000111e+01,-3.304494199999999893e+01,-1.455507099999999987e+01,-1.056380799999999986e+01,2.649751000000000190e+00,-1.318778999999999924e+00,-1.355115200000000009e+01,-1.535520299999999949e+01,2.160175999999999874e+00,7.296399999999999553e-01,-2.826800199999999919e+01,-1.964201299999999861e+01,-1.097767299999999935e+01,-1.392555300000000074e+01,-1.383546699999999952e+01,-5.330550999999999817e+00,2.542289999999999939e+00,5.092976000000000170e+00,-1.375900599999999940e+01,-2.457190299999999894e+01,-2.815538999999999792e+00,1.831561999999999912e+00,-1.478004800000000074e+01,-1.017591200000000029e+01,1.926503999999999994e+00,-2.215081999999999951e+01,-1.282972999999999919e+00,-1.402725599999999950e+01,-3.808409999999999851e-01,-2.859396999999999966e+00,-1.074110499999999924e+01,-2.018272299999999930e+01,-1.980793600000000154e+01,-2.580464200000000119e+01,1.411079100000000075e+01,8.689719000000000193e+00,-1.561047499999999921e+01,-7.494025999999999854e+00,-3.119313000000000002e+01,-1.279376800000000003e+01,1.887870500000000007e+01,-7.160115000000000229e+00,-4.010901199999999989e+01,-6.544358800000000542e+01,-3.937247500000000144e+01,-3.613512500000000216e+01,-4.713258900000000295e+01,-3.898964099999999888e+01,-6.553420300000000509e+01,-4.572509099999999904e+01,-3.725998700000000241e+01,-4.327185099999999807e+01,-3.711616200000000276e+01,-4.020417900000000344e+01,-3.094940799999999825e+01,-3.432574799999999726e+01,-1.304435600000000051e+01,-2.070167400000000058e+01,-4.175253000000000014e+01,-6.078060200000000179e+01,-3.407332900000000109e+01,-3.308182099999999792e+01,-1.112759499999999946e+01,-2.552950799999999987e+01,-3.295895399999999853e+01,-3.011122399999999999e+01,-3.027277700000000138e+01,-5.542108799999999746e+01,-2.744404799999999867e+01,-4.476808799999999877e+01,-1.201841499999999918e+01,-2.468125000000000124e+00,-5.620605000000000295e+00,-1.740096199999999982e+01,-2.807062200000000018e+01,-2.517491400000000112e+01,-2.739865999999999957e+01,-2.823996500000000154e+01,8.466049999999999187e+00,-1.579244500000000073e+01,1.171913999999999900e+00,-7.066867000000000232e+00,-2.272199999999999914e-02,1.060548999999999964e+00,-1.295613900000000029e+01,-1.899049000000000120e+01,-3.185236999999999874e+00,-1.514351500000000073e+01,-8.710451000000000832e+00,-1.654007599999999911e+01,-1.665221400000000074e+01,-6.105881000000000114e+00,-8.566955999999999349e+00,-1.017553999999999981e+01,2.099597899999999839e+01,-1.390949499999999972e+01,-2.634032300000000149e+01,7.810145000000000337e+00,-3.502285499999999985e+01,-1.908323199999999886e+01,-9.120366999999999891e+00,-5.450542999999999694e+00,-7.306569999999999787e+00,-4.979499999999999815e+00,-1.073948299999999989e+01,1.313077900000000042e+01,-3.124845000000000095e+00,1.961934999999999985e+00,-4.517757999999999718e+00,-9.494289000000000200e+00,-2.760717100000000102e+01,-3.122811899999999952e+01,-1.150683500000000059e+01,-1.947361099999999823e+01,-6.458136999999999794e+00,-7.791426000000000407e+00
-2.989068400000000025e+01,-3.445026500000000169e+01,-1.669758300000000162e+01,-1.779404900000000112e+01,1.136360000000000037e+00,-3.716204999999999981e+00,-1.855803299999999822e+01,-2.006386600000000087e+01,-5.451624999999999943e+00,-3.492466999999999988e+00,-3.060726199999999864e+01,-2.496380200000000116e+01,-1.509089400000000047e+01,-1.688019699999999901e+01,-2.548181399999999996e+01,-1.050940199999999969e+01,-6.683176999999999701e+00,-3.212305000000000188e+00,-1.660040599999999955e+01,-3.868531099999999867e+01,-5.716789000000000343e+00,1.177640000000000020e+00,-2.403027600000000064e+01,-2.206175999999999959e+01,-5.680691999999999631e+00,-3.547209300000000098e+01,-6.172489999999999810e+00,-2.245257199999999997e+01,-6.880878000000000050e+00,-9.976637000000000199e+00,-1.862985400000000169e+01,-3.524235900000000044e+01,-2.326792199999999866e+01,-3.566485699999999781e+01,8.510339000000000098e+00,1.304256700000000002e+01,-3.333674599999999799e+01,-1.686436199999999985e+01,-4.042214200000000091e+01,-2.603173599999999865e+01,3.291910999999999810e+00,-1.086393299999999940e+01,-4.776814900000000108e+01,-6.837819899999999507e+01,-2.935773599999999917e+01,-3.044067400000000134e+01,-4.793658899999999790e+01,-4.502498099999999681e+01,-5.950278300000000087e+01,-4.078736299999999915e+01,-4.030275799999999720e+01,-4.192754699999999701e+01,-4.370554800000000029e+01,-5.488040999999999769e+01,-3.355627700000000146e+01,-3.823019899999999893e+01,-2.068295900000000032e+01,-2.752591899999999825e+01,-3.823451500000000181e+01,-5.291330700000000320e+01,-4.425828099999999665e+01,-3.666341299999999848e+01,-2.156652899999999917e+01,-3.908149099999999976e+01,-4.531755499999999870e+01,-3.555550199999999705e+01,-3.324099600000000265e+01,-6.428780999999999324e+01,-4.645358900000000091e+01,-5.986092800000000125e+01,-1.773564299999999960e+01,-7.922250000000000014e+00,-8.954003999999999408e+00,-2.012868299999999877e+01,-2.713702599999999876e+01,-2.237838999999999956e+01,-3.956793600000000311e+01,-4.278489199999999926e+01,-8.915634999999999977e+00,-2.531185899999999833e+01,-1.657601599999999920e+01,-2.261301599999999823e+01,-5.301216000000000150e+00,-6.500289999999999679e+00,-1.985248599999999897e+01,-2.334513899999999964e+01,-2.943491999999999997e+00,-1.637347600000000014e+01,-1.155865999999999971e+01,-1.773007199999999983e+01,-2.886785899999999927e+01,-2.174420100000000033e+01,-1.662013999999999925e+01,-1.480286700000000089e+01,-2.459568399999999855e+01,-2.812914200000000164e+01,-3.757821200000000061e+01,-1.215413900000000069e+01,-5.157576099999999997e+01,-3.122686300000000159e+01,-1.486883199999999938e+01,-1.006425899999999984e+01,-1.005826500000000046e+01,-7.799519000000000091e+00,-1.976809300000000036e+01,-1.013087999999999944e+01,-1.217575199999999924e+01,-4.745004999999999917e+00,-4.209940399999999983e+01,-3.708160199999999662e+01,-4.526992800000000017e+01,-4.389065000000000083e+01,-1.702566900000000061e+01,-1.727329699999999946e+01,-1.647519399999999834e+01,-3.612418699999999916e+01
-2.379166999999999987e+01,-2.494600399999999851e+01,-1.390859599999999929e+01,-1.861589700000000036e+01,1.574740999999999946e+00,-3.045755000000000212e+00,-1.760218700000000069e+01,-1.674739399999999989e+01,-9.208968999999999738e+00,-2.668520000000000003e+00,-2.498823499999999953e+01,-1.783028900000000050e+01,-1.398290100000000002e+01,-1.046207500000000046e+01,-3.099633199999999889e+01,-1.033589899999999950e+01,-1.262584700000000026e+01,-8.199700999999999240e+00,-1.484288500000000077e+01,-4.285126000000000346e+01,-5.649868999999999808e+00,1.561641000000000057e+00,-2.771924500000000080e+01,-3.163313000000000130e+01,-9.147909000000000290e+00,-3.643731499999999812e+01,-1.059706000000000081e+01,-2.870437599999999989e+01,-1.073563399999999923e+01,-8.193530000000000868e+00,-1.908862399999999937e+01,-3.702270000000000039e+01,-1.853621000000000052e+01,-3.379958500000000043e+01,-2.506082999999999839e+00,7.473746000000000222e+00,-4.233715000000000117e+01,-2.396205300000000094e+01,-4.348590399999999789e+01,-3.574221699999999657e+01,-1.452644100000000016e+01,-1.556814699999999974e+01,-4.666728100000000268e+01,-5.697581399999999974e+01,-1.501437800000000067e+01,-1.782212600000000080e+01,-3.721044299999999794e+01,-4.594655499999999648e+01,-3.954577599999999649e+01,-2.529149500000000117e+01,-3.399497499999999661e+01,-2.869070999999999927e+01,-3.843272999999999939e+01,-5.303976099999999860e+01,-2.925446099999999916e+01,-3.212535299999999694e+01,-2.219075000000000131e+01,-2.493434200000000089e+01,-2.616523600000000016e+01,-3.425835500000000167e+01,-3.860412800000000288e+01,-2.577193499999999915e+01,-2.661303500000000000e+01,-4.022150800000000004e+01,-4.398200400000000343e+01,-3.084692899999999938e+01,-2.724851500000000115e+01,-5.999679299999999671e+01,-5.450996099999999700e+01,-6.466429300000000069e+01,-1.639302899999999852e+01,-1.138782100000000064e+01,-7.788634000000000057e+00,-1.448529699999999920e+01,-1.488459100000000035e+01,-1.183628099999999961e+01,-3.608695500000000322e+01,-4.555459199999999953e+01,-2.370251700000000028e+01,-2.875196599999999947e+01,-3.035170600000000007e+01,-3.246967099999999817e+01,-1.105782600000000038e+01,-1.333960000000000079e+01,-2.159252599999999944e+01,-2.073426999999999865e+01,-5.844799000000000078e+00,-1.687805099999999925e+01,-1.291181599999999996e+01,-1.477271799999999935e+01,-3.329262500000000102e+01,-3.238317099999999726e+01,-2.126804100000000020e+01,-1.876143799999999828e+01,-6.469642699999999991e+01,-3.986940100000000342e+01,-4.422996799999999951e+01,-3.375022799999999989e+01,-5.405291199999999918e+01,-3.619664099999999962e+01,-1.596809200000000040e+01,-1.243155299999999919e+01,-1.063045900000000010e+01,-9.311667999999999168e+00,-2.557659800000000061e+01,-4.899013099999999810e+01,-2.224369199999999935e+01,-1.580391499999999994e+01,-7.063888699999999687e+01,-5.545771100000000331e+01,-6.835567700000000002e+01,-4.943700100000000219e+01,-1.475044100000000036e+01,-9.355349999999999611e+00,-1.813302699999999845e+01,-6.408960199999999929e+01
-1.003746100000000041e+01,-6.205142999999999631e+00,-6.223411999999999722e+00,-1.117680799999999941e+01,4.056605000000000238e+00,1.454752999999999963e+00,-9.717368999999999701e+00,-4.391125999999999863e+00,-6.835256000000000220e+00,2.906142000000000003e+00,-1.062280799999999914e+01,-5.695489999999999720e-01,-6.306389000000000244e+00,3.678793999999999897e+00,-2.447291699999999892e+01,-3.631587999999999816e+00,-1.240509600000000034e+01,-7.118384999999999962e+00,-9.460354000000000596e+00,-3.813217999999999819e+01,-7.882280000000000397e-01,1.535644000000000009e+00,-2.187496600000000058e+01,-3.169341400000000064e+01,-5.925150999999999613e+00,-2.118906899999999993e+01,-1.150902299999999912e+01,-2.741455600000000103e+01,-8.171340000000000714e+00,1.772826999999999931e+00,-1.136013900000000021e+01,-2.314903899999999837e+01,-8.218047000000000324e+00,-1.871902299999999997e+01,-1.281445300000000032e+01,-1.647467999999999932e+00,-3.701697000000000060e+01,-2.145051899999999989e+01,-3.421699600000000174e+01,-3.341518700000000308e+01,-2.178444000000000003e+01,-1.028108499999999914e+01,-3.663114999999999810e+01,-3.360316799999999660e+01,-9.701940000000000008e-01,-2.677376000000000200e+00,-1.794513500000000050e+01,-3.762559399999999954e+01,-1.090783099999999983e+01,-4.675944999999999574e+00,-1.932430199999999942e+01,-8.252038000000000650e+00,-2.190385300000000157e+01,-3.518175999999999704e+01,-1.722244999999999848e+01,-1.630374799999999880e+01,-1.675295799999999957e+01,-1.286809599999999953e+01,-6.280560000000000365e+00,-8.830353000000000563e+00,-1.770260599999999940e+01,-1.289044000000000079e+00,-2.403249100000000027e+01,-2.728338000000000108e+01,-2.448707100000000025e+01,-1.410941599999999951e+01,-1.393756499999999932e+01,-3.832769199999999898e+01,-5.207951500000000067e+01,-6.345389600000000030e+01,-8.622451999999999117e+00,-1.115647700000000064e+01,-1.780156000000000072e+00,-4.310840000000000227e-01,5.370978000000000030e+00,4.050232000000000276e+00,-1.698242099999999866e+01,-3.498424800000000090e+01,-2.722132399999999919e+01,-2.413656399999999991e+01,-3.337649700000000053e+01,-2.955414800000000142e+01,-1.218303500000000028e+01,-1.253641000000000005e+01,-1.517824099999999987e+01,-1.128419599999999967e+01,-8.993760999999999228e+00,-1.278851799999999983e+01,-1.033496899999999918e+01,-6.608800999999999704e+00,-2.697118800000000149e+01,-3.256447899999999862e+01,-2.011935000000000073e+01,-1.955492500000000078e+01,-8.228766199999999742e+01,-4.357916600000000074e+01,-4.035773900000000225e+01,-4.767022999999999655e+01,-3.966127500000000339e+01,-3.118134399999999928e+01,-1.236611500000000063e+01,-1.113836700000000057e+01,-8.096595000000000653e+00,-8.554584000000000188e+00,-2.658091500000000096e+01,-9.041572600000000648e+01,-2.832296099999999939e+01,-2.884034799999999876e+01,-7.454766600000000665e+01,-5.986761200000000116e+01,-8.387769299999999362e+01,-4.262010200000000282e+01,-6.388893000000000377e+00,7.412889999999999757e-01,-1.167088500000000018e+01,-8.404511300000000062e+01
6.082809000000000133e+00,1.480240200000000073e+01,3.820089999999999986e+00,1.225537000000000099e+00,7.392160999999999760e+00,7.663130999999999915e+00,2.437730000000000175e+00,1.249701400000000007e+01,4.883569999999999856e-01,9.280217000000000382e+00,8.777889000000000053e+00,1.883539199999999880e+01,5.984886000000000372e+00,1.923201200000000100e+01,-6.652728999999999893e+00,6.770054000000000016e+00,-7.222611999999999810e+00,-1.689459000000000044e+00,-3.086727000000000221e+00,-2.848163100000000014e+01,7.622760999999999676e+00,6.820030000000000259e-01,-7.924451999999999607e+00,-1.939033600000000135e+01,2.320288000000000128e+00,4.784072000000000102e+00,-7.950787000000000049e+00,-1.837024800000000013e+01,3.696180000000000021e-01,1.326604400000000084e+01,1.064588000000000090e+00,3.345119999999999760e-01,2.074305999999999983e+00,3.936837999999999838e+00,-1.712432199999999938e+01,-7.200401000000000273e+00,-1.973512200000000050e+01,-9.190526999999999447e+00,-1.409177000000000035e+01,-1.872163499999999914e+01,-1.450226800000000082e+01,5.629328000000000110e+00,-2.117220199999999863e+01,-6.418732000000000326e+00,8.597490999999999772e+00,8.380103999999999331e+00,1.895329999999999959e+00,-2.199475400000000036e+01,1.719250699999999910e+01,1.300356000000000023e+01,-1.400879999999999903e+00,1.078325599999999973e+01,-6.214429999999999676e-01,-1.064567399999999964e+01,-9.575329999999999675e-01,2.467744000000000160e+00,-7.391283999999999743e+00,3.242903999999999787e+00,1.605822500000000019e+01,1.589379300000000050e+01,9.569025999999999144e+00,2.700200099999999992e+01,-1.538407600000000031e+01,-6.386864000000000097e+00,7.582665999999999684e+00,9.165708999999999662e+00,1.416887999999999925e+00,-5.284034000000000120e+00,-4.328935100000000347e+01,-5.959332599999999758e+01,1.513457999999999970e+00,-7.794576000000000171e+00,5.868678000000000061e+00,1.615714099999999931e+01,2.453067000000000064e+01,1.950903500000000079e+01,8.295114999999999128e+00,-1.638265699999999825e+01,-1.916844599999999943e+01,-1.494803300000000057e+01,-2.550084100000000120e+01,-1.500506700000000038e+01,-7.076922999999999853e+00,-3.431071000000000204e+00,-2.393696999999999964e+00,9.593660000000000521e-01,-9.672883999999999816e+00,-3.447551999999999950e+00,-3.585188000000000041e+00,4.277389999999999581e+00,-1.283720500000000087e+01,-2.227159400000000034e+01,-1.343230900000000005e+01,-1.558994999999999997e+01,-7.499258000000000379e+01,-3.776117800000000102e+01,-2.688354199999999850e+01,-5.017289699999999897e+01,-1.539618300000000062e+01,-1.873383899999999969e+01,-6.367890000000000050e+00,-6.834678000000000253e+00,-3.108966999999999814e+00,-5.875403000000000375e+00,-2.301474299999999928e+01,-1.161171599999999984e+02,-2.690920500000000004e+01,-3.751791000000000054e+01,-5.360602399999999790e+01,-5.182110099999999875e+01,-8.297607999999999606e+01,-2.469376499999999908e+01,1.960855999999999932e+00,7.992505999999999666e+00,-4.029942000000000135e+00,-8.848813900000000388e+01
1.797220899999999943e+01,2.955403400000000147e+01,1.230438599999999916e+01,1.207589100000000037e+01,9.737413000000000096e+00,1.186742600000000003e+01,1.370763600000000082e+01,2.603361500000000106e+01,8.679779999999999163e+00,1.166280599999999978e+01,2.618288099999999829e+01,3.134420499999999876e+01,1.811481399999999908e+01,2.881184100000000115e+01,1.496382099999999937e+01,1.543313799999999958e+01,-1.337212999999999985e+00,3.170592000000000077e+00,1.551517000000000035e+00,-1.779729899999999887e+01,1.576018400000000064e+01,-4.875200000000000089e-01,7.892924999999999969e+00,1.138034999999999908e+00,1.075861500000000071e+01,2.930709099999999978e+01,-1.623820999999999959e+00,-6.339063999999999588e+00,9.849028999999999812e+00,1.813350600000000057e+01,1.239784700000000051e+01,2.192068400000000139e+01,7.119088999999999778e+00,2.428992900000000077e+01,-1.399395200000000017e+01,-6.146282000000000245e+00,6.779509999999999703e-01,5.734003999999999657e+00,8.128871999999999431e+00,6.643729999999999913e-01,3.571599999999999775e-02,2.088585199999999986e+01,-5.962852999999999959e+00,1.487385399999999969e+01,1.202966999999999942e+01,1.052367899999999956e+01,1.381588900000000031e+01,-6.338053999999999633e+00,3.580910300000000035e+01,2.150072099999999864e+01,1.321194700000000033e+01,2.075156000000000134e+01,1.639471800000000101e+01,8.333166999999999547e+00,1.323362900000000053e+01,1.502374400000000065e+01,1.155030000000000001e+00,1.572536200000000051e+01,3.309571900000000255e+01,3.222168299999999874e+01,3.099304199999999909e+01,4.564253000000000071e+01,-4.895717999999999570e+00,1.237474500000000077e+01,3.879066399999999959e+01,2.865076600000000084e+01,1.273809299999999922e+01,2.552833199999999891e+01,-3.232747299999999768e+01,-5.231481999999999744e+01,8.885828999999999311e+00,-3.609761000000000220e+00,1.037710299999999997e+01,2.679065800000000053e+01,3.279202099999999831e+01,2.819102900000000034e+01,2.670178699999999949e+01,1.470339000000000063e+00,-7.753772999999999804e+00,-7.484657000000000338e+00,-1.294047699999999956e+01,2.424287000000000081e+00,1.271069999999999922e+00,7.828821999999999726e+00,1.090000099999999961e+01,1.043945100000000004e+01,-7.076868000000000158e+00,7.521683000000000341e+00,4.800950000000000273e+00,1.306678199999999990e+01,1.997379999999999933e+00,-6.821559999999999846e+00,-4.046808999999999656e+00,-7.549941999999999709e+00,-5.344829899999999867e+01,-2.457939400000000063e+01,-1.099069399999999952e+01,-4.388534200000000141e+01,6.189536999999999622e+00,-5.045264000000000415e+00,-1.015157000000000087e+00,-1.658136000000000054e+00,2.249569999999999848e+00,-2.709947999999999801e+00,-1.641442299999999932e+01,-1.120948709999999977e+02,-1.814258600000000143e+01,-3.493720900000000285e+01,-2.009122400000000042e+01,-3.649307799999999702e+01,-6.622650899999999297e+01,-2.748997999999999831e+00,5.097356999999999694e+00,9.274929000000000201e+00,-2.867004000000000108e+00,-7.276719300000000601e+01
2.114553799999999839e+01,3.259609199999999873e+01,1.586483199999999982e+01,1.569513199999999919e+01,9.606125999999999721e+00,1.127291199999999982e+01,1.910474999999999923e+01,2.939817899999999895e+01,1.309607500000000080e+01,7.816945999999999728e+00,3.460824999999999818e+01,3.171474900000000119e+01,2.469133799999999823e+01,2.799820199999999915e+01,3.030982200000000049e+01,1.752156599999999997e+01,9.422310000000000407e-01,3.006838000000000122e+00,3.095431000000000044e+00,-8.215493999999999630e+00,1.934398799999999952e+01,-1.433132999999999990e+00,1.830038400000000109e+01,2.051420399999999944e+01,1.444588399999999950e+01,4.051935000000000286e+01,4.336782000000000359e+00,2.730205000000000215e+00,1.352134299999999989e+01,1.224585399999999957e+01,1.775185899999999961e+01,3.091874800000000079e+01,5.101876999999999995e+00,3.348406899999999808e+01,-6.352267000000000330e+00,-9.246029999999999527e-01,1.427354000000000056e+01,1.416081299999999921e+01,2.183260299999999887e+01,1.476609299999999969e+01,8.807586000000000581e+00,2.073243099999999828e+01,3.710761000000000198e+00,2.384873800000000088e+01,1.064974499999999935e+01,3.845254000000000172e+00,1.367376699999999978e+01,1.472711000000000103e+00,4.019697500000000190e+01,1.944742300000000057e+01,1.989796000000000120e+01,1.900342500000000001e+01,2.235586500000000143e+01,1.403192999999999913e+01,1.965154300000000021e+01,1.567232300000000045e+01,5.335568000000000310e+00,1.923465500000000006e+01,3.862447300000000183e+01,3.573305299999999818e+01,3.777132300000000242e+01,4.540419800000000095e+01,2.995060000000000056e+00,2.089770000000000039e+01,5.516219099999999997e+01,3.504004100000000221e+01,1.622294799999999881e+01,4.065121599999999802e+01,-2.124779499999999999e+01,-3.824523800000000051e+01,1.022471400000000052e+01,-9.688069999999999737e-01,8.567638000000000531e+00,2.568904699999999863e+01,2.575316199999999967e+01,2.670037599999999856e+01,2.961395299999999864e+01,1.142384700000000031e+01,-3.528021999999999991e+00,-6.245852000000000182e+00,-3.918476000000000070e+00,1.210294599999999932e+01,7.559701999999999700e+00,1.283323000000000036e+01,1.818440800000000124e+01,1.329628499999999924e+01,-2.512499000000000038e+00,1.450977699999999970e+01,1.090099099999999943e+01,1.556105699999999992e+01,1.047748900000000027e+01,6.268335999999999686e+00,4.128059999999999619e+00,1.563833000000000029e+00,-3.177102000000000004e+01,-7.785931999999999853e+00,-1.137092999999999909e+00,-3.442645600000000172e+01,1.475243500000000019e+01,3.818208999999999964e+00,1.702928999999999915e+00,2.198960000000000026e+00,5.505794999999999995e+00,-6.355380000000000473e-01,-8.891123999999999583e+00,-7.706493000000000393e+01,-5.995124999999999815e+00,-1.879572599999999838e+01,1.118851199999999935e+01,-1.910063500000000047e+01,-4.260618900000000053e+01,1.437314699999999945e+01,2.816926000000000041e+00,5.460645000000000415e+00,-9.990999000000000407e+00,-3.813016700000000014e+01
1.540295300000000012e+01,2.429392400000000052e+01,1.339620599999999939e+01,1.075715899999999969e+01,6.713199000000000360e+00,5.983635999999999733e+00,1.651048499999999919e+01,2.089237400000000022e+01,1.127855800000000031e+01,-3.533319999999999794e-01,3.092943500000000157e+01,2.092158900000000088e+01,2.255563400000000129e+01,1.751633800000000107e+01,3.268954599999999999e+01,1.181675599999999982e+01,-1.959356000000000098e+00,-2.911567999999999934e+00,2.015236999999999945e+00,-4.037089999999999845e-01,1.615613600000000005e+01,-2.405332000000000026e+00,1.943081700000000112e+01,2.960634900000000158e+01,1.138644900000000071e+01,3.391320999999999941e+01,7.433258999999999617e+00,6.092363999999999891e+00,7.403598999999999819e+00,-1.671186000000000060e+00,1.572829300000000075e+01,2.356539899999999932e+01,-1.604633999999999894e+00,2.827293600000000140e+01,7.089239999999999986e-01,3.310411999999999910e+00,1.584587400000000024e+01,1.149929099999999949e+01,2.151424199999999942e+01,1.829340699999999842e+01,2.795291000000000192e+00,-7.135369999999999768e-01,5.284084000000000003e+00,2.005750600000000006e+01,7.523428000000000004e+00,-6.573989000000000082e+00,3.954146999999999856e+00,-1.401291999999999982e+00,3.151535600000000059e+01,1.036944100000000013e+01,1.812617600000000095e+01,8.789927000000000490e+00,1.606841999999999970e+01,7.268572999999999951e+00,1.647996499999999997e+01,5.835333999999999577e+00,4.592986999999999931e+00,1.372947600000000001e+01,3.141595099999999974e+01,2.721727100000000021e+01,2.894004699999999985e+01,2.686405299999999841e+01,5.804815999999999754e+00,1.731346900000000133e+01,5.024272299999999802e+01,2.565423699999999840e+01,1.201213800000000020e+01,3.483725499999999897e+01,-1.033097300000000018e+01,-1.604740800000000078e+01,5.817891999999999619e+00,-6.684489999999999599e-01,1.087865000000000082e+00,1.355889699999999998e+01,7.488080000000000069e+00,1.668318299999999965e+01,1.775466300000000075e+01,1.155202700000000071e+01,-1.154063400000000073e+01,-1.079247100000000081e+01,-3.326089000000000073e+00,8.518613000000000213e+00,8.090147999999999229e+00,7.292755999999999794e+00,1.625938000000000017e+01,9.386853999999999587e+00,1.912117999999999984e+00,1.398566199999999959e+01,1.192812299999999937e+01,1.092125799999999991e+01,9.699771000000000143e+00,1.151747199999999971e+01,8.197763000000000133e+00,7.987981999999999694e+00,-1.762125599999999892e+01,9.317610000000000170e+00,-1.136018999999999890e+00,-2.567292499999999933e+01,8.348596000000000572e+00,5.326457999999999693e+00,1.723524000000000056e+00,3.774478999999999917e+00,5.199921999999999933e+00,-3.485989999999999922e-01,-2.458658999999999928e+00,-2.418373599999999968e+01,3.854855000000000143e+00,5.510410000000000252e+00,3.197688199999999981e+01,-2.801927000000000056e+00,-2.280273899999999898e+01,2.107730000000000103e+01,-3.021960000000000202e-01,8.191760000000000153e-01,-1.935560999999999865e+01,7.088085000000000413e+00
4.633729999999999905e+00,1.021847200000000022e+01,6.606168000000000262e+00,9.910769999999999857e-01,2.188060000000000116e+00,-9.484139999999999793e-01,7.824148000000000103e+00,5.086098999999999926e+00,4.424335000000000129e+00,-8.095812000000000452e+00,1.785205200000000048e+01,5.090135000000000076e+00,1.265317499999999917e+01,2.520840000000000192e+00,2.270310699999999926e+01,1.574832000000000010e+00,-8.197172999999999377e+00,-1.115739400000000003e+01,-7.011100000000000665e-02,5.147514000000000145e+00,7.455760999999999861e+00,-4.412284999999999791e+00,1.297816899999999940e+01,2.532347899999999896e+01,3.649086000000000052e+00,1.498143100000000061e+01,7.244506000000000334e+00,5.837273999999999852e+00,-6.631624999999999659e+00,-1.578318999999999939e+01,8.911721000000000004e+00,5.339024000000000214e+00,-8.243339000000000638e+00,1.242459400000000080e+01,3.335690000000000044e+00,3.240307000000000048e+00,7.713885000000000325e+00,1.169499999999999984e+00,1.054246499999999997e+01,1.393854299999999924e+01,-1.582466699999999982e+01,-3.360052100000000053e+01,-4.028099999999999736e-02,8.459827999999999903e+00,5.482008000000000436e+00,-1.378433500000000045e+01,-7.905630000000000379e+00,-1.029308299999999932e+01,1.574014999999999986e+01,5.869800000000000018e-02,1.120916500000000049e+01,-3.239675999999999778e+00,2.146720999999999879e+00,-4.246933000000000291e+00,6.885841000000000101e+00,-7.007293999999999912e+00,1.098025000000000029e+00,4.054364999999999775e+00,1.608143799999999857e+01,1.212823000000000029e+01,1.098370000000000068e+01,9.595199999999999563e-02,3.695835999999999899e+00,6.080129999999999590e+00,2.883087799999999845e+01,6.231732000000000049e+00,3.746148999999999951e+00,1.429418599999999984e+01,1.224330000000000002e-01,1.013843199999999989e+01,-9.599910000000000387e-01,-1.489354999999999984e+00,-7.862649000000000221e+00,-2.696936000000000000e+00,-1.157388599999999990e+01,4.058349999999999902e+00,1.610699999999999979e-02,5.308157999999999710e+00,-2.758557700000000068e+01,-1.628881399999999857e+01,-9.983240999999999588e+00,-5.159244000000000163e+00,3.437508999999999926e+00,-5.378034999999999677e+00,7.190038000000000373e+00,2.013103000000000087e+00,4.984160000000000146e+00,7.290548000000000251e+00,8.134584000000000259e+00,2.326065999999999967e+00,2.350169000000000175e+00,8.329914999999999736e+00,7.739303999999999739e+00,9.462642999999999915e+00,-8.759271000000000029e+00,2.467295500000000175e+01,-7.425639000000000323e+00,-1.721232900000000043e+01,-5.914452999999999960e+00,1.524782999999999999e+00,5.238070000000000226e-01,3.667571999999999832e+00,1.826603999999999894e+00,-1.260780000000000012e+00,1.551187000000000094e+00,2.561142699999999905e+01,7.331305000000000405e+00,2.673626499999999950e+01,4.275123399999999663e+01,1.109517600000000037e+01,-1.155646800000000063e+01,1.791154699999999877e+01,9.895129999999999759e-01,1.449360000000000093e-01,-2.130547699999999978e+01,4.982376099999999752e+01
-5.491490999999999900e+00,-2.241540000000000088e+00,-8.958840000000000137e-01,-7.325262999999999636e+00,-1.977505999999999986e+00,-5.480602000000000196e+00,-2.147384999999999877e+00,-9.734368999999999161e+00,-3.359169000000000072e+00,-1.103163999999999945e+01,2.647371000000000141e+00,-8.089660000000000295e+00,-2.760070000000000023e-01,-1.033046599999999948e+01,7.655136999999999858e+00,-7.423409000000000368e+00,-1.414907200000000032e+01,-1.678879699999999886e+01,-1.599712000000000023e+00,7.451528999999999847e+00,-2.592273000000000049e+00,-8.293639000000000649e+00,4.688819999999999766e+00,1.273075299999999999e+01,-4.106950999999999574e+00,-4.210461999999999705e+00,5.311505000000000365e+00,6.661175000000000068e+00,-2.140153400000000161e+01,-2.223832799999999921e+01,2.035506999999999955e+00,-1.211269700000000071e+01,-1.075317300000000031e+01,-5.653004000000000140e+00,1.237011000000000083e+00,1.063700000000000062e-01,-2.169840000000000213e+00,-7.636339000000000432e+00,-9.617430000000000145e-01,9.782130000000000436e+00,-3.426536099999999863e+01,-5.685410199999999747e+01,-7.978818000000000410e+00,-3.587626000000000204e+00,5.702516000000000140e+00,-1.322385200000000083e+01,-1.397711999999999932e+01,-1.569487200000000016e+01,6.344870000000000232e-01,-6.714157000000000153e+00,4.056174000000000390e+00,-1.101907399999999981e+01,-1.177520600000000073e+01,-1.162421999999999933e+01,-2.797953000000000134e+00,-1.426920100000000069e+01,-2.107132000000000005e+00,-3.412999000000000116e+00,7.219090000000000229e-01,-2.083736000000000033e+00,-6.672652000000000250e+00,-2.130819899999999834e+01,-1.336211000000000038e+00,-5.615393000000000079e+00,3.933129999999999793e+00,-1.231868200000000080e+01,-3.531778999999999780e+00,-7.007000999999999813e+00,8.679624000000000450e+00,3.176549299999999931e+01,-5.867746000000000350e+00,-1.226388999999999951e+00,-1.314897200000000055e+01,-1.414390599999999942e+01,-2.076233300000000170e+01,-4.290189999999999948e+00,-1.268239699999999992e+01,-1.372335000000000083e+00,-4.111193099999999845e+01,-1.714172699999999949e+01,-1.807512399999999886e+01,-1.927893399999999957e+01,-2.047377000000000002e+00,-1.599789600000000078e+01,-3.054663000000000128e+00,-4.252431999999999768e+00,7.130396000000000178e+00,-5.319800000000000223e-02,2.695273999999999948e+00,-4.935008999999999979e+00,-5.300760999999999612e+00,8.850839999999999819e-01,4.815351999999999855e+00,6.691260999999999903e+00,2.368526000000000131e+00,3.701388699999999687e+01,-1.148138699999999979e+01,-5.726327999999999641e+00,-1.696030800000000127e+01,-2.737458999999999865e+00,-5.827299999999999841e-02,3.326890000000000125e+00,-2.323462999999999834e+00,-1.969111999999999973e+00,2.940790999999999933e+00,5.495585200000000015e+01,4.406522999999999968e+00,3.412048599999999965e+01,4.812956799999999902e+01,2.174912499999999937e+01,-4.575133000000000116e+00,1.070937400000000039e+01,8.094497999999999749e+00,5.538337000000000288e+00,-1.002353300000000047e+01,7.774418500000000165e+01
-1.054412499999999930e+01,-7.889230999999999661e+00,-5.495980000000000310e+00,-9.375742999999999938e+00,-3.982606999999999786e+00,-5.223497000000000057e+00,-8.427187999999999235e+00,-1.632054899999999975e+01,-7.608902999999999750e+00,-8.047693000000000652e+00,-6.824294000000000082e+00,-1.330236400000000074e+01,-1.017124100000000020e+01,-1.621937600000000046e+01,-3.152900999999999954e+00,-1.045126699999999964e+01,-1.697164499999999876e+01,-1.700504400000000160e+01,-1.944762000000000102e+00,5.691626000000000296e+00,-9.194143999999999650e+00,-1.363467400000000040e+01,3.360060000000000269e-01,1.759438000000000057e+00,-7.636044000000000054e+00,-1.238017100000000070e+01,3.721096999999999877e+00,1.166240499999999969e+01,-2.855236700000000027e+01,-1.816652099999999947e+01,-1.009026999999999896e+00,-1.786585499999999982e+01,-8.121320000000000761e+00,-1.755382799999999932e+01,-2.542113000000000067e+00,-1.493789999999999951e+00,-5.480628000000000277e+00,-6.373274000000000328e+00,-2.906711000000000045e+00,1.287195299999999953e+01,-3.753311500000000223e+01,-5.185455499999999773e+01,-1.324218199999999968e+01,-9.854528999999999428e+00,7.582971999999999824e+00,-5.308832999999999913e+00,-1.027964899999999915e+01,-9.543623000000000189e+00,-7.625877000000000017e+00,-8.117440999999999462e+00,4.200470000000000037e-01,-1.197958500000000015e+01,-1.906659499999999952e+01,-1.045110200000000056e+01,-6.770929999999999893e+00,-1.168080100000000066e+01,-3.131171000000000149e+00,-4.754883999999999666e+00,-7.397261000000000308e+00,-9.377568999999999377e+00,-1.716543100000000166e+01,-2.809269400000000161e+01,-6.876049000000000078e+00,-1.238391200000000048e+01,-1.120527900000000088e+01,-2.026525099999999924e+01,-5.919177000000000355e+00,-1.569500900000000065e+01,1.349106399999999972e+01,4.096605100000000022e+01,-6.345335999999999643e+00,1.530099000000000098e+00,-1.194536100000000012e+01,-1.514592000000000027e+01,-1.551616800000000040e+01,-4.432971000000000217e+00,-1.421414000000000044e+01,-3.858826999999999785e+00,-4.247458199999999806e+01,-1.097487800000000036e+01,-2.142772599999999983e+01,-2.412114899999999906e+01,-3.500948000000000171e+00,-1.590144500000000072e+01,-8.385151000000000465e+00,-6.170632000000000339e+00,9.674801999999999680e+00,-2.186713000000000129e+00,-4.428449999999999886e-01,-6.708337000000000216e+00,-7.466326999999999714e+00,-4.703555999999999848e+00,2.575594999999999857e+00,2.900580000000000158e+00,2.039633200000000102e+01,4.510270799999999980e+01,-5.808317999999999870e+00,1.093817899999999987e+01,-1.700403800000000132e+01,-3.095382999999999996e+00,1.032057999999999920e+00,3.904135000000000133e+00,-4.434629000000000154e+00,-1.255571999999999910e+00,2.746647999999999978e+00,5.918964900000000284e+01,-9.674540000000000362e-01,2.428658199999999923e+01,5.081982599999999906e+01,2.795636899999999869e+01,7.534451999999999927e+00,6.633492000000000388e+00,1.731394999999999840e+01,1.495990300000000062e+01,1.137222399999999922e+01,8.504969099999999571e+01
-9.408312000000000452e+00,-6.063790000000000013e+00,-5.443221000000000309e+00,-4.704736999999999725e+00,-3.227628999999999859e+00,-9.834340000000000304e-01,-8.623675000000000423e+00,-1.255628899999999959e+01,-6.321602999999999639e+00,-1.902277999999999913e+00,-6.528719999999999857e+00,-9.863231000000000748e+00,-1.295444700000000005e+01,-1.417207600000000056e+01,-4.210634999999999906e+00,-6.763043999999999834e+00,-1.621708399999999983e+01,-1.307930999999999955e+01,-1.469826000000000077e+00,4.491950000000000109e-01,-9.610974999999999824e+00,-1.848913399999999996e+01,1.965281000000000056e+00,4.627899999999999792e-01,-5.645887000000000100e+00,-5.741805000000000270e+00,3.539832000000000090e+00,1.950244599999999906e+01,-2.382767499999999927e+01,-7.330758999999999581e+00,5.316189999999999527e-01,-8.449832000000000676e+00,-2.638722000000000012e+00,-1.916722000000000037e+01,-4.114383000000000123e+00,2.253569999999999851e+00,1.140401999999999916e+00,6.666350999999999694e+00,7.763513999999999804e+00,2.371025500000000008e+01,-1.926629300000000100e+01,-1.615817600000000098e+01,-1.207131900000000080e+01,-7.597171000000000340e+00,9.683189000000000490e+00,5.221650000000000347e+00,1.374795999999999907e+00,8.967810000000000059e+00,-6.714178000000000424e+00,-5.077261000000000024e+00,1.225999000000000061e+00,-7.440957000000000043e+00,-1.716354400000000169e+01,-2.785931999999999853e+00,-3.151558000000000082e+00,-1.598708000000000018e+00,-2.116089000000000109e+00,-6.137690000000000090e-01,-5.702210000000000001e+00,-7.619728000000000279e+00,-1.930696999999999974e+01,-2.020665299999999931e+01,-1.109860100000000038e+01,-1.312720299999999973e+01,-1.096490400000000065e+01,-1.461537700000000051e+01,-2.402191000000000187e+00,-6.861383000000000010e+00,1.406527200000000022e+01,3.570665300000000286e+01,-2.895268999999999870e+00,6.101052000000000142e+00,-5.505976000000000425e+00,-6.522434999999999761e+00,-1.260850000000000026e-01,2.424714999999999954e+00,-6.370402000000000342e+00,-1.188565000000000094e+00,-2.929272399999999976e+01,-1.691519999999999968e-01,-1.754767599999999916e+01,-1.624566599999999994e+01,8.238029999999999520e-01,-3.257328999999999919e+00,-6.341701999999999728e+00,-3.353667999999999871e+00,1.326797700000000013e+01,2.806763000000000119e+00,6.975310000000000121e-01,-2.462766999999999928e+00,-2.386350000000000193e+00,-4.170392999999999795e+00,3.286446000000000200e+00,1.667246000000000006e+00,4.179914699999999783e+01,4.759401299999999679e+01,1.051886200000000038e+01,3.028204500000000010e+01,-6.215882999999999825e+00,1.631140000000000034e+00,3.578288999999999831e+00,5.489834000000000103e+00,-2.856538000000000022e+00,1.072156000000000109e+00,2.743116999999999805e+00,4.760423399999999816e+01,-3.519683000000000117e+00,3.905724999999999891e+00,4.965907599999999888e+01,2.864697599999999866e+01,3.090777800000000042e+01,9.615201000000000775e+00,2.277543100000000109e+01,2.345743200000000073e+01,3.200339300000000264e+01,7.512657000000000096e+01
-4.399606999999999601e+00,-2.601109999999999811e-01,-1.684336999999999973e+00,2.775825999999999905e+00,-7.275989999999999958e-01,3.806054000000000048e+00,-4.091490000000000293e+00,-2.450852999999999948e+00,-1.278491000000000044e+00,2.769947999999999855e+00,1.547509999999999941e+00,-1.423994999999999900e+00,-8.749147000000000673e+00,-6.942938999999999972e+00,3.006454999999999878e+00,1.952200000000000116e-02,-1.361565900000000084e+01,-9.255022000000000304e+00,-9.483319999999999528e-01,-5.988993999999999929e+00,-4.695996000000000059e+00,-2.036121599999999887e+01,6.873184000000000182e+00,9.296540000000000248e+00,-3.056340000000000168e-01,9.983268999999999949e+00,4.234487999999999808e+00,2.513639300000000176e+01,-1.010047600000000045e+01,2.484945000000000181e+00,4.048593999999999582e+00,9.688048999999999467e+00,1.861491999999999924e+00,-1.241550400000000032e+01,-1.706139000000000072e+00,1.060392200000000074e+01,1.389861900000000006e+01,2.466589300000000051e+01,2.456466500000000153e+01,3.561741800000000069e+01,1.238191699999999962e+01,3.255729000000000184e+01,-4.129693999999999754e+00,1.835134000000000043e+00,1.083192200000000049e+01,1.251326599999999978e+01,1.489451000000000036e+01,3.198473399999999955e+01,1.416102999999999890e+00,2.018949999999999911e-01,4.693124000000000073e+00,-8.661720000000000530e-01,-8.288365999999999900e+00,5.254667000000000421e+00,4.964215000000000266e+00,9.077144000000000545e+00,-6.382970000000000033e-01,4.723404999999999632e+00,2.518790999999999780e+00,9.006279999999999841e-01,-1.682277300000000153e+01,-5.893220000000000347e+00,-1.300423200000000001e+01,-1.033268400000000042e+01,-1.703199999999999992e-01,-5.308749999999999858e-01,4.897605000000000430e+00,1.333923700000000068e+01,1.222415900000000022e+01,2.085028399999999849e+01,1.396771999999999903e+00,9.831068999999999392e+00,1.631394000000000011e+00,5.256111999999999895e+00,1.466800899999999963e+01,1.079577899999999957e+01,3.283284999999999787e+00,4.010525999999999591e+00,-7.742092999999999670e+00,9.824849999999999639e+00,-8.865665999999999158e+00,-6.769100000000000117e-01,8.185392000000000223e+00,1.503586100000000059e+01,5.698999999999999622e-01,1.947418000000000093e+00,1.681898999999999944e+01,1.133616300000000088e+01,4.704411999999999594e+00,4.547636999999999929e+00,6.787926999999999822e+00,2.416007000000000016e+00,6.944561000000000206e+00,4.419445999999999763e+00,5.655284000000000333e+01,4.369318400000000224e+01,3.054968099999999964e+01,4.515924900000000264e+01,7.986934999999999896e+00,8.901643999999999224e+00,6.374876000000000431e+00,7.182724999999999582e+00,1.814835999999999894e+00,4.050130000000000230e+00,4.413292000000000215e+00,3.616658699999999982e+01,-2.418609999999999927e-01,-1.412534800000000068e+01,4.281034300000000314e+01,2.400327700000000064e+01,6.167335099999999670e+01,1.794095000000000084e+01,2.104400100000000151e+01,2.619900700000000171e+01,4.004226200000000091e+01,5.817389699999999664e+01
4.174780000000000157e-01,4.353716999999999615e+00,2.775063999999999975e+00,7.500310999999999950e+00,1.339761999999999897e+00,5.321229999999999905e+00,1.133733000000000102e+00,6.477562999999999960e+00,2.979734999999999800e+00,2.577246999999999844e+00,1.075853299999999990e+01,6.334944000000000131e+00,-1.683716999999999908e+00,8.028440000000000021e-01,1.135994499999999974e+01,4.296730000000000160e+00,-1.158068100000000022e+01,-9.618914999999999438e+00,-9.063909999999999467e-01,-1.097058400000000056e+01,1.604959999999999942e+00,-1.795628200000000163e+01,9.800152999999999892e+00,2.040414600000000078e+01,4.416957000000000022e+00,2.328931800000000152e+01,4.368357999999999741e+00,2.353329499999999896e+01,3.915275999999999978e+00,4.450035999999999881e+00,5.460061999999999749e+00,2.366803499999999971e+01,2.464523999999999937e+00,-3.763053999999999899e+00,2.980919000000000096e+00,1.792066700000000168e+01,2.405736200000000125e+01,3.632043900000000036e+01,3.530613999999999919e+01,3.936757800000000174e+01,3.829291899999999771e+01,6.588558199999999943e+01,7.097339999999999982e+00,1.379101700000000008e+01,1.056993899999999975e+01,1.300689599999999935e+01,2.347859800000000163e+01,4.709242700000000070e+01,1.179802500000000087e+01,5.591485999999999734e+00,7.805811000000000277e+00,4.401000999999999941e+00,2.180963000000000207e+00,8.041762000000000299e+00,1.139500400000000013e+01,1.363093499999999914e+01,-3.181379999999999764e-01,6.375519999999999854e+00,1.027615699999999954e+01,1.097731699999999933e+01,-1.482264400000000037e+01,4.046946000000000154e+00,-1.223053400000000046e+01,-7.326878999999999920e+00,9.767827000000000481e+00,1.213304399999999994e+01,1.193836100000000044e+01,3.174157900000000154e+01,1.104439200000000021e+01,4.207158999999999871e+00,2.792664999999999953e+00,9.596263000000000432e+00,4.430235999999999841e+00,1.207219000000000086e+01,1.768136900000000011e+01,1.422659400000000041e+01,6.844746999999999915e+00,7.421362000000000236e+00,1.151266299999999987e+01,1.389185999999999943e+01,-7.736290000000000111e-01,1.231531799999999954e+01,1.320514200000000038e+01,2.736250000000000071e+01,6.711045999999999623e+00,6.344852000000000380e+00,1.789930499999999824e+01,1.669614899999999835e+01,7.707944000000000351e+00,9.458339999999999748e+00,1.414702199999999976e+01,1.083502400000000065e+01,1.127847099999999969e+01,9.338903000000000176e+00,5.521505599999999703e+01,3.395388700000000171e+01,4.337627499999999969e+01,4.768018800000000113e+01,1.611915099999999867e+01,1.422655899999999995e+01,7.970607000000000220e+00,7.822332000000000285e+00,6.991647000000000389e+00,6.189357000000000220e+00,7.909709999999999575e+00,3.656440800000000024e+01,7.479428999999999661e+00,-1.884333000000000169e+01,3.212081599999999781e+01,1.586753700000000045e+01,8.611856299999999464e+01,2.533696300000000079e+01,1.360669299999999993e+01,2.132547299999999879e+01,3.041626199999999969e+01,4.497911599999999765e+01
1.615909999999999958e+00,3.841025000000000134e+00,4.611373000000000388e+00,5.791897999999999769e+00,7.641820000000000279e-01,1.718002000000000029e+00,2.905346999999999902e+00,7.730053999999999981e+00,1.935262000000000038e+00,-2.548535000000000217e+00,1.383932700000000082e+01,8.609814000000000078e+00,2.622370000000000090e+00,4.843962999999999575e+00,1.287783199999999972e+01,2.080337000000000103e+00,-1.175552099999999989e+01,-1.536264199999999924e+01,-1.372902000000000067e+00,-1.359862700000000046e+01,4.495637999999999579e+00,-1.250568299999999944e+01,6.640246000000000315e+00,2.258543600000000140e+01,5.324780999999999764e+00,2.385287200000000141e+01,2.884170999999999818e+00,1.354452500000000015e+01,8.678319000000000116e+00,-3.261899000000000104e+00,1.926002999999999910e+00,2.171866699999999994e+01,-1.234302000000000010e+00,-5.358150000000000412e-01,5.906596999999999653e+00,1.725906300000000115e+01,2.317827899999999985e+01,3.297285999999999717e+01,2.991442999999999941e+01,2.973073000000000121e+01,3.975391400000000175e+01,6.196212299999999829e+01,1.566497200000000056e+01,2.191743599999999859e+01,8.781122999999999124e+00,6.831768000000000285e+00,2.297091400000000050e+01,4.444890999999999792e+01,1.870097499999999968e+01,9.433562999999999477e+00,8.036685000000000301e+00,6.428582999999999714e+00,8.585967000000000127e+00,3.801468999999999987e+00,1.058589199999999941e+01,9.568141000000000673e+00,-1.710199999999999942e+00,1.934873999999999983e+00,1.104722600000000021e+01,1.710492500000000149e+01,-1.617268599999999878e+01,2.928891999999999829e+00,-8.980767000000000166e+00,-5.810356999999999772e+00,8.680637000000000825e+00,1.487560799999999972e+01,1.478725799999999957e+01,3.616310000000000002e+01,1.246041600000000038e+01,-9.250797000000000381e+00,-8.763609999999999456e-01,3.781871999999999900e+00,3.453800000000000203e-01,8.776552000000000575e+00,3.432195999999999803e+00,9.031743000000000521e+00,9.770560000000000356e-01,5.318775999999999726e+00,1.946716699999999989e+01,9.957523999999999376e+00,1.853772999999999893e+00,1.359709299999999921e+01,1.160816999999999943e+01,2.476087899999999919e+01,7.008306000000000147e+00,7.080174000000000412e+00,1.445868699999999940e+01,1.380437099999999973e+01,6.060134999999999827e+00,8.825293000000000276e+00,1.471721299999999921e+01,1.533832100000000054e+01,1.313301200000000080e+01,1.249390700000000010e+01,3.598465499999999651e+01,2.038103900000000124e+01,4.082064400000000148e+01,3.453743300000000005e+01,1.259720899999999943e+01,1.400000099999999925e+01,7.428472000000000186e+00,6.792951000000000406e+00,9.605107999999999535e+00,6.415883000000000003e+00,1.172153999999999918e+01,4.867622999999999678e+01,1.464347899999999925e+01,-8.411599000000000714e+00,2.348116600000000176e+01,6.802893000000000079e+00,8.844666399999999840e+01,2.477732100000000059e+01,5.245459000000000316e+00,1.086913700000000027e+01,8.018259999999999721e+00,4.051198000000000121e+01
-1.845466000000000051e+00,-2.758068000000000186e+00,2.046313000000000049e+00,-2.037923999999999847e+00,-3.465196999999999861e+00,-5.892431000000000196e+00,-5.598830000000000195e-01,-5.145049999999999901e-01,-6.061228999999999978e+00,-9.631216999999999473e+00,7.102305999999999564e+00,3.532719000000000165e+00,3.925810000000000133e-01,3.129405999999999910e+00,3.904176000000000091e+00,-6.542627000000000415e+00,-1.450869199999999992e+01,-2.430535799999999824e+01,-2.072945999999999955e+00,-1.575798900000000025e+01,1.026677999999999980e+00,-7.554788000000000281e+00,-2.895264000000000060e+00,8.762268000000000612e+00,1.759698999999999902e+00,8.467560999999999893e+00,-7.360600000000000476e-02,-9.666259999999999852e-01,-4.007609999999999784e-01,-1.677276600000000073e+01,-6.364273999999999987e+00,3.337640000000000051e-01,-7.200925999999999938e+00,-7.069544999999999746e+00,3.504757999999999818e+00,5.345653999999999684e+00,8.308747000000000327e+00,1.420303799999999939e+01,7.206972999999999629e+00,9.282624000000000208e+00,1.071827399999999919e+01,1.957469999999999999e+01,1.584287699999999965e+01,2.025822000000000145e+01,5.089217999999999797e+00,-3.335971999999999937e+00,1.329444299999999934e+01,2.254581500000000105e+01,1.794841600000000170e+01,1.026400300000000065e+01,4.382971000000000394e+00,4.673470000000000013e+00,7.642863000000000184e+00,-5.117493999999999765e+00,9.540110000000000534e-01,-5.317659999999999609e-01,-4.128686000000000078e+00,-7.309346999999999817e+00,2.469341000000000008e+00,1.589853800000000028e+01,-2.007157600000000031e+01,-8.376229999999999620e+00,-4.192674000000000234e+00,-5.336948999999999721e+00,-5.746513000000000204e+00,5.415009000000000405e+00,1.153282699999999927e+01,2.239669500000000113e+01,1.558600999999999992e+01,-2.025886099999999956e+01,-8.902068999999999122e+00,-6.509260000000000268e+00,-9.264151000000000025e+00,-4.217628999999999628e+00,-2.480502200000000101e+01,-3.746964000000000183e+00,-1.167361600000000088e+01,-3.903341999999999867e+00,1.300086399999999998e+01,-4.677669999999999884e-01,-2.669013000000000080e+00,6.499110000000000165e-01,3.231784999999999908e+00,6.791706999999999717e+00,9.955100000000000060e-02,3.175536999999999832e+00,6.638027000000000122e+00,2.938112999999999975e+00,-1.066764999999999963e+00,2.576718000000000064e+00,7.367384999999999629e+00,1.210562099999999930e+01,1.042381400000000014e+01,1.050816200000000045e+01,6.529543999999999571e+00,5.590926999999999758e+00,2.262668999999999997e+01,1.005773699999999948e+01,-1.292769000000000057e+00,7.633449999999999847e+00,4.766604000000000063e+00,4.348811999999999678e+00,7.975609999999999644e+00,4.696926000000000379e+00,1.341877000000000031e+01,6.114554100000000147e+01,1.585092999999999996e+01,8.545902999999999139e+00,2.182822300000000126e+01,-1.504666999999999977e+00,6.137492400000000004e+01,1.270178100000000043e+01,-2.435529999999999917e-01,-6.684759999999999591e-01,-1.571639500000000034e+01,4.124459999999999837e+01
-8.346303999999999945e+00,-1.344755800000000079e+01,-4.204005000000000436e+00,-1.219558100000000067e+01,-1.049835700000000038e+01,-1.435112799999999922e+01,-7.770654000000000394e+00,-1.471279999999999966e+01,-1.862538899999999842e+01,-1.490993399999999980e+01,-7.717745999999999995e+00,-7.403277000000000108e+00,-8.129979999999999762e+00,-3.733239000000000196e+00,-1.265669699999999942e+01,-1.759447799999999873e+01,-1.924301799999999929e+01,-3.264728000000000208e+01,-2.727692999999999923e+00,-2.075893800000000056e+01,-8.262888999999999484e+00,-7.024485999999999564e+00,-1.528558300000000081e+01,-1.898376000000000019e+01,-4.413103000000000442e+00,-1.739867500000000078e+01,-3.363480000000000025e+00,-1.350115500000000068e+01,-1.990703200000000095e+01,-2.922878599999999949e+01,-1.639656899999999951e+01,-3.325626599999999655e+01,-1.234853700000000032e+01,-2.256618699999999933e+01,-4.759324000000000332e+00,-1.469769999999999932e+01,-1.585398299999999949e+01,-1.168565199999999926e+01,-2.380424299999999960e+01,-1.311429200000000073e+01,-3.696925099999999986e+01,-4.015471000000000146e+01,5.026656000000000013e+00,5.663261000000000323e+00,-1.212094000000000005e+00,-1.457818900000000006e+01,-2.262151999999999941e+00,-1.084494300000000067e+01,8.495675000000000310e+00,6.778424000000000227e+00,-2.540901999999999994e+00,-6.103180000000000271e-01,-2.334350000000000036e-01,-1.451711300000000016e+01,-1.406581100000000006e+01,-1.139302499999999974e+01,-6.287075999999999887e+00,-1.745551700000000039e+01,-1.255955900000000014e+01,7.276575000000000237e+00,-2.334201399999999893e+01,-2.301835799999999921e+01,4.542579999999999951e-01,-4.644140000000000157e+00,-2.677923300000000140e+01,-1.147264700000000026e+01,3.234659999999999869e+00,-3.823202000000000211e+00,1.740631700000000137e+01,-3.278546899999999908e+01,-1.793676400000000015e+01,-1.778278200000000098e+01,-1.998562300000000036e+01,-2.149287999999999954e+01,-5.637294800000000095e+01,-1.914476099999999903e+01,-2.482403000000000048e+01,-1.921548599999999851e+01,-4.673956999999999695e+00,-1.358087800000000023e+01,-1.230391200000000040e+01,-2.104917400000000072e+01,-7.735819000000000223e+00,-1.796019499999999880e+01,-1.098523199999999989e+01,-4.338650000000000340e+00,-2.718008999999999897e+00,-1.019760800000000067e+01,-1.094543799999999933e+01,-6.226405999999999885e+00,-4.745231000000000421e+00,1.519301000000000013e+00,3.504201000000000121e+00,2.976090000000000124e+00,-2.063088600000000028e+01,-8.392423000000000854e+00,-3.118596000000000146e+00,-1.537466900000000081e+01,-1.886054199999999881e+01,-2.192149000000000125e+00,9.383110000000000062e-01,1.323169000000000040e+00,2.861909999999999954e+00,1.983117999999999936e+00,1.112133500000000019e+01,5.935150800000000260e+01,8.830966000000000093e+00,1.853940499999999858e+01,2.490899399999999986e+01,-9.100580000000000780e+00,1.243650099999999981e+01,-8.764139999999999375e+00,-3.301943000000000072e+00,-8.992267000000000010e+00,-3.029442200000000085e+01,3.786727900000000346e+01
-1.474954800000000077e+01,-2.459894900000000106e+01,-1.139750899999999945e+01,-1.993258300000000105e+01,-1.792716000000000065e+01,-2.045557300000000112e+01,-1.505231700000000039e+01,-2.840933800000000176e+01,-3.055890000000000128e+01,-1.637493100000000013e+01,-2.485791299999999993e+01,-2.045562100000000072e+01,-1.890218499999999935e+01,-1.315000099999999961e+01,-2.921829299999999918e+01,-2.578322000000000003e+01,-2.474658799999999914e+01,-3.727990499999999940e+01,-3.124680000000000124e+00,-3.020022900000000021e+01,-1.962411699999999826e+01,-1.257565699999999964e+01,-2.557011299999999920e+01,-5.012116600000000233e+01,-1.030881800000000048e+01,-4.292996300000000076e+01,-5.774941000000000102e+00,-1.898127799999999965e+01,-3.996131499999999903e+01,-3.488911999999999836e+01,-2.424363500000000116e+01,-6.479925799999999469e+01,-1.418341299999999983e+01,-4.152537399999999934e+01,-1.578267699999999962e+01,-3.493720700000000079e+01,-3.903353700000000259e+01,-3.247234199999999760e+01,-4.896905900000000145e+01,-2.795475100000000168e+01,-7.915393500000000415e+01,-8.581533399999999290e+01,-1.445242700000000013e+01,-2.008784400000000048e+01,-1.042367699999999964e+01,-2.521582599999999985e+01,-1.889730000000000132e+01,-4.287537999999999982e+01,-7.241115999999999886e+00,-1.432754000000000083e+00,-1.100717999999999996e+01,-8.607701000000000491e+00,-1.133738999999999919e+01,-2.099787699999999901e+01,-2.783574300000000079e+01,-1.853860799999999998e+01,-7.125890000000000057e+00,-2.437357099999999832e+01,-2.785266199999999870e+01,-5.913841999999999821e+00,-2.310054600000000136e+01,-3.322421899999999795e+01,3.141156000000000059e+00,-3.339871000000000034e+00,-4.335993200000000058e+01,-2.734946400000000111e+01,-6.528133000000000408e+00,-3.062940199999999891e+01,1.552670900000000032e+01,-4.825085299999999933e+01,-2.359604399999999913e+01,-2.584025600000000011e+01,-2.676635299999999873e+01,-3.559395599999999860e+01,-7.808741499999999292e+01,-3.110734199999999916e+01,-3.253738100000000344e+01,-3.712622900000000215e+01,-2.632123599999999897e+01,-2.500078699999999898e+01,-2.263701100000000110e+01,-4.121066900000000288e+01,-1.536547999999999981e+01,-3.703266299999999944e+01,-2.083642899999999898e+01,-1.293934299999999915e+01,-9.392122999999999777e+00,-1.814730499999999935e+01,-1.892125400000000113e+01,-1.346239199999999947e+01,-1.624392200000000130e+01,-1.200123400000000018e+01,-4.889509999999999579e+00,-7.036940999999999669e+00,-3.575304200000000066e+01,-2.076865000000000094e+01,-2.453768699999999825e+01,-3.083966600000000113e+01,-3.235792200000000207e+01,-1.112870400000000082e+01,-2.617910999999999877e+00,-1.469865999999999895e+00,-3.007312000000000207e+00,-4.304379999999999873e-01,4.769764000000000337e+00,3.537980699999999956e+01,-4.037257999999999569e+00,1.214610200000000084e+01,2.213031000000000148e+01,-1.703784399999999977e+01,-3.865628800000000354e+01,-3.271418299999999846e+01,-7.991629999999999789e+00,-1.219943899999999992e+01,-3.240634200000000220e+01,2.176528899999999922e+01
-1.817899600000000149e+01,-3.261519899999999694e+01,-1.633683100000000010e+01,-2.231793100000000152e+01,-2.292548199999999881e+01,-2.266083499999999873e+01,-1.883592099999999903e+01,-3.608768500000000046e+01,-3.669156499999999710e+01,-1.482521799999999956e+01,-3.797059800000000251e+01,-3.151298999999999850e+01,-2.646174399999999949e+01,-2.183782300000000021e+01,-3.808772100000000194e+01,-2.768407200000000046e+01,-2.913394200000000112e+01,-3.688849700000000098e+01,-2.950317000000000078e+00,-4.138181399999999854e+01,-2.806247600000000020e+01,-2.199795299999999898e+01,-3.026811500000000166e+01,-7.162189399999999750e+01,-1.381494799999999934e+01,-5.784193400000000196e+01,-6.840376000000000012e+00,-1.656738199999999850e+01,-4.947830400000000139e+01,-3.194305299999999903e+01,-2.731871500000000097e+01,-8.068617999999999313e+01,-1.176640100000000011e+01,-5.635082100000000338e+01,-2.451323299999999961e+01,-4.744350200000000228e+01,-5.054659500000000349e+01,-3.897298700000000338e+01,-5.720361499999999921e+01,-3.084688999999999837e+01,-9.278357400000000155e+01,-9.396198699999999349e+01,-3.565455399999999742e+01,-4.962880700000000189e+01,-2.141476499999999916e+01,-3.451290099999999939e+01,-3.203689299999999918e+01,-6.218982299999999697e+01,-2.439429700000000167e+01,-1.284808800000000062e+01,-1.880081500000000005e+01,-1.763286700000000096e+01,-2.050208599999999848e+01,-2.311847500000000011e+01,-3.409664000000000073e+01,-2.041608000000000089e+01,-6.275221000000000160e+00,-2.579920999999999864e+01,-3.760048100000000204e+01,-1.940206799999999987e+01,-1.879478500000000096e+01,-3.524663900000000183e+01,3.011747999999999870e+00,-2.421771999999999814e+00,-4.738112600000000185e+01,-3.536457300000000004e+01,-1.334180300000000052e+01,-4.690591799999999978e+01,1.076032700000000020e+01,-6.148250199999999666e+01,-2.260987799999999837e+01,-2.784872100000000117e+01,-2.640486900000000148e+01,-4.058400199999999813e+01,-8.017555400000000532e+01,-3.551358900000000318e+01,-3.214605499999999694e+01,-5.232578699999999827e+01,-4.351774999999999949e+01,-3.083446899999999857e+01,-2.891592500000000143e+01,-5.025996599999999859e+01,-1.562390199999999929e+01,-4.146909899999999993e+01,-2.491351200000000077e+01,-1.954430899999999838e+01,-1.021871299999999927e+01,-1.657741599999999949e+01,-2.129336400000000040e+01,-1.638805100000000081e+01,-2.265811199999999914e+01,-2.243420199999999909e+01,-1.112519299999999944e+01,-1.478431699999999971e+01,-3.714302800000000104e+01,-3.151733099999999865e+01,-3.258504099999999681e+01,-3.097495899999999835e+01,-3.710840499999999764e+01,-1.553265099999999954e+01,-4.678437999999999874e+00,-3.669407999999999781e+00,-6.643518000000000256e+00,-1.661705999999999905e+00,-3.666983000000000104e+00,-6.366742999999999597e+00,-1.713885499999999951e+01,-9.593147999999999342e+00,1.353423000000000043e+00,-2.562438500000000019e+01,-7.039735100000000045e+01,-5.082808699999999646e+01,-1.791814000000000107e+01,-1.125660300000000014e+01,-2.676445599999999914e+01,-8.672872999999999166e+00
-1.742984699999999876e+01,-3.517321900000000312e+01,-1.710349599999999981e+01,-1.955359699999999989e+01,-2.362688999999999950e+01,-2.147960099999999883e+01,-1.767336500000000044e+01,-3.599466100000000068e+01,-3.462028600000000012e+01,-1.286342100000000066e+01,-4.330504499999999979e+01,-3.777002499999999685e+01,-2.696939100000000167e+01,-2.710857299999999981e+01,-3.577095700000000278e+01,-2.347224699999999942e+01,-2.979059900000000027e+01,-3.146277600000000163e+01,-1.691759000000000013e+00,-4.765102499999999708e+01,-2.985804900000000117e+01,-2.993288499999999885e+01,-2.894404199999999960e+01,-7.526111199999999712e+01,-1.450328099999999942e+01,-5.734185399999999788e+01,-6.893955000000000055e+00,-9.441646000000000427e+00,-4.211716899999999697e+01,-2.262064799999999920e+01,-2.550969299999999862e+01,-7.500758199999999931e+01,-5.721970999999999918e+00,-6.081219600000000014e+01,-2.677993700000000032e+01,-4.894911599999999652e+01,-4.479939900000000108e+01,-2.984923600000000121e+01,-4.666510900000000106e+01,-2.449462400000000173e+01,-6.914842600000000061e+01,-6.224759999999999849e+01,-4.964700599999999753e+01,-7.193857400000000268e+01,-3.125356199999999873e+01,-4.136482900000000029e+01,-3.834587599999999696e+01,-6.393142600000000186e+01,-3.760421800000000303e+01,-2.378886100000000070e+01,-2.376994900000000044e+01,-2.493726500000000001e+01,-2.352048200000000122e+01,-2.084895200000000060e+01,-3.025675400000000081e+01,-1.810737800000000064e+01,-4.050768999999999842e+00,-2.206941700000000139e+01,-3.943882700000000341e+01,-2.929024100000000175e+01,-1.236700000000000088e+01,-3.106907299999999950e+01,9.914370000000000127e-01,-3.302850999999999981e+00,-3.865179700000000196e+01,-3.403123300000000029e+01,-1.411554199999999959e+01,-4.802910099999999716e+01,7.183887000000000356e+00,-6.243690699999999794e+01,-1.448902000000000001e+01,-2.362552799999999920e+01,-1.882986000000000004e+01,-3.449902399999999858e+01,-6.069458600000000104e+01,-3.170099199999999939e+01,-2.472241299999999953e+01,-5.897205100000000044e+01,-4.876351700000000022e+01,-2.818075500000000133e+01,-2.774902000000000157e+01,-4.398121900000000295e+01,-8.664595000000000269e+00,-3.070360700000000165e+01,-2.196734800000000121e+01,-2.161457899999999910e+01,-5.038046999999999720e+00,-7.007114999999999760e+00,-1.752713500000000124e+01,-1.492080200000000012e+01,-2.266040200000000127e+01,-2.541133699999999962e+01,-1.274671700000000030e+01,-1.673566100000000034e+01,-3.070526699999999920e+01,-4.026616599999999835e+01,-2.568396699999999910e+01,-1.876934200000000175e+01,-3.303930100000000181e+01,-1.421178399999999975e+01,-4.870796000000000348e+00,-5.362751000000000268e+00,-6.645585999999999771e+00,-1.633656999999999915e+00,-1.120604200000000006e+01,-5.113891499999999724e+01,-2.492635999999999896e+01,-3.551742000000000132e+01,-4.026060900000000231e+01,-3.318382799999999833e+01,-7.121277399999999602e+01,-5.728698099999999727e+01,-3.210562500000000341e+01,-8.774419999999999220e+00,-2.141135699999999886e+01,-4.574431100000000328e+01
-1.335191099999999942e+01,-3.179662000000000077e+01,-1.395693900000000021e+01,-1.426591299999999940e+01,-1.999553699999999878e+01,-1.859573100000000068e+01,-1.279950499999999991e+01,-3.038257700000000128e+01,-2.575412100000000137e+01,-1.272245200000000054e+01,-4.081911000000000200e+01,-3.847825000000000273e+01,-2.013138000000000005e+01,-2.766961799999999982e+01,-2.447927800000000076e+01,-1.625472999999999857e+01,-2.415095300000000123e+01,-2.134709399999999846e+01,1.104273999999999978e+00,-4.214087700000000325e+01,-2.430153200000000169e+01,-3.083854200000000034e+01,-2.370851599999999948e+01,-6.168274999999999864e+01,-1.329744900000000030e+01,-4.368532100000000185e+01,-6.455770000000000231e+00,-2.108864000000000072e+00,-1.960063200000000094e+01,-1.108739399999999975e+01,-2.063084200000000124e+01,-5.197218000000000160e+01,2.332357000000000014e+00,-5.278999000000000308e+01,-2.147406700000000157e+01,-4.215173300000000012e+01,-2.421066400000000129e+01,-1.159496399999999916e+01,-2.514242499999999936e+01,-1.585833000000000048e+01,-1.890786699999999954e+01,-9.657707000000000264e+00,-4.940985599999999778e+01,-7.680530799999999658e+01,-3.611760600000000210e+01,-4.363386700000000218e+01,-3.616440599999999961e+01,-5.064968900000000218e+01,-4.313688199999999995e+01,-2.972954199999999858e+01,-2.437873000000000090e+01,-2.741301800000000100e+01,-1.909408000000000172e+01,-1.453829299999999947e+01,-1.857199299999999909e+01,-1.351014999999999944e+01,-1.246736999999999984e+00,-1.547604899999999972e+01,-3.517392099999999999e+01,-3.335261299999999807e+01,-6.769915000000000127e+00,-2.615210499999999882e+01,-5.504040000000000044e-01,-6.351556000000000424e+00,-2.447868000000000066e+01,-2.737549500000000080e+01,-8.650105999999999185e+00,-3.736518900000000087e+01,9.200485000000000468e+00,-4.324234500000000025e+01,-1.914352000000000054e+00,-1.548105900000000013e+01,-6.758798999999999779e+00,-1.989951399999999992e+01,-2.662481999999999971e+01,-2.197495400000000032e+01,-1.360225699999999982e+01,-5.277879399999999777e+01,-3.725371100000000268e+01,-1.584886599999999923e+01,-1.816374000000000066e+01,-2.503378700000000023e+01,1.542111999999999927e+00,-1.205419799999999952e+01,-1.431542600000000043e+01,-1.819015500000000074e+01,3.128706000000000209e+00,4.374194000000000138e+00,-1.039139300000000077e+01,-1.115341500000000075e+01,-1.820671799999999863e+01,-2.043371000000000137e+01,-9.896110000000000184e+00,-1.265940200000000004e+01,-2.461514299999999977e+01,-4.548359899999999811e+01,-9.758696000000000481e+00,-3.251698999999999895e+00,-2.336263500000000093e+01,-8.673239000000000587e+00,-3.883995999999999782e+00,-6.732383999999999702e+00,-3.968755999999999950e+00,-9.103269999999999973e-01,-1.540022100000000016e+01,-8.172318099999999674e+01,-2.489259600000000106e+01,-5.116702300000000037e+01,-8.978920800000000213e+01,-3.656418800000000147e+01,-4.513587299999999658e+01,-5.122408500000000231e+01,-4.447101500000000129e+01,-7.122536000000000200e+00,-2.126252099999999956e+01,-7.558706100000000561e+01
-8.164391000000000176e+00,-2.385487399999999880e+01,-8.933130000000000237e+00,-9.529294999999999405e+00,-1.372696599999999911e+01,-1.553852200000000039e+01,-7.061423999999999701e+00,-2.336307400000000101e+01,-1.418274300000000032e+01,-1.454817899999999931e+01,-3.303035899999999714e+01,-3.459934499999999957e+01,-9.030312999999999590e+00,-2.375343600000000066e+01,-1.026377300000000048e+01,-9.689906000000000574e+00,-1.149742099999999922e+01,-7.217705999999999733e+00,5.291962999999999973e+00,-2.273118799999999951e+01,-1.382951599999999992e+01,-2.253756900000000130e+01,-1.741073499999999896e+01,-3.900198499999999768e+01,-1.142511099999999935e+01,-2.405376300000000001e+01,-5.608317999999999692e+00,2.538378999999999941e+00,9.297463000000000477e+00,-8.853990000000000471e-01,-1.483118900000000018e+01,-2.262726400000000027e+01,1.040393300000000032e+01,-3.513370700000000113e+01,-1.086122600000000027e+01,-3.298142200000000201e+01,1.949062999999999990e+00,5.842564999999999564e+00,-4.707816000000000223e+00,-1.085708999999999946e+01,3.410679300000000325e+01,3.560071099999999689e+01,-3.319865200000000272e+01,-5.997057099999999963e+01,-3.319636200000000059e+01,-3.911605800000000244e+01,-2.575524300000000011e+01,-2.933488499999999988e+01,-4.023698199999999758e+01,-2.767106499999999869e+01,-2.029340099999999936e+01,-2.318134099999999975e+01,-9.381296000000000745e+00,-4.682743999999999573e+00,-4.661796999999999969e+00,-7.782297999999999938e+00,1.033802000000000110e+00,-8.967582000000000164e+00,-2.899579400000000007e+01,-3.143644199999999955e+01,-4.112668000000000212e+00,-2.514988299999999910e+01,5.839870000000000339e-01,-1.031949799999999939e+01,-1.446826500000000060e+01,-2.168734600000000157e+01,2.361779999999999990e-01,-2.320657299999999879e+01,1.768507200000000168e+01,-5.570530999999999899e+00,1.036919299999999922e+01,-6.820242999999999611e+00,5.768117000000000161e+00,-2.633059999999999956e+00,8.860243999999999787e+00,-9.873390000000000555e+00,-2.483830000000000204e+00,-3.338271199999999794e+01,-9.040276999999999674e+00,4.439987999999999602e+00,-2.132724000000000064e+00,-1.107174000000000103e+00,9.750113000000000696e+00,4.444571999999999967e+00,-6.103585999999999956e+00,-1.047849700000000084e+01,9.837536999999999310e+00,1.084143199999999929e+01,-4.048170999999999964e+00,-7.671725999999999601e+00,-1.276233799999999974e+01,-1.084052800000000083e+01,-5.194804999999999673e+00,-5.552817000000000114e+00,-2.326052200000000170e+01,-4.483538300000000021e+01,5.988790999999999976e+00,6.434891999999999612e+00,-1.199086900000000000e+01,-1.937427000000000010e+00,-3.042454999999999909e+00,-7.697179000000000215e+00,-1.111636000000000069e+00,-1.672530000000000128e-01,-1.539160099999999964e+01,-8.720276900000000353e+01,-1.840272099999999966e+01,-4.760866399999999743e+01,-1.229979330000000033e+02,-3.320452000000000226e+01,-8.021663000000000210e+00,-3.663959499999999991e+01,-4.771610600000000346e+01,-7.128993999999999609e+00,-2.460887900000000172e+01,-8.512319100000000560e+01
-4.192783000000000371e+00,-1.409383000000000052e+01,-4.472088000000000285e+00,-7.018095999999999890e+00,-7.265054000000000123e+00,-1.286147599999999969e+01,-3.052918000000000021e+00,-1.801197000000000159e+01,-4.223554000000000030e+00,-1.629809699999999850e+01,-2.290065399999999940e+01,-2.775042399999999887e+01,1.799091999999999913e+00,-1.666692799999999863e+01,7.141389999999999683e-01,-5.624687999999999910e+00,5.298326999999999565e+00,8.845254000000000616e+00,9.764193000000000566e+00,5.273221000000000380e+00,-2.636719999999999953e+00,-8.035624000000000322e+00,-1.195374699999999990e+01,-1.734285399999999910e+01,-9.528648000000000451e+00,-6.435475000000000279e+00,-3.991144999999999943e+00,4.317611999999999561e+00,3.332307200000000336e+01,6.435984000000000371e+00,-9.234306000000000125e+00,1.730094999999999938e+00,1.655486499999999950e+01,-1.429754499999999950e+01,9.169260000000000188e-01,-2.606491000000000113e+01,2.218150199999999828e+01,1.480412100000000031e+01,5.702664999999999651e+00,-1.051560800000000029e+01,6.642326599999999814e+01,5.249719300000000288e+01,-5.578176000000000023e+00,-2.600533799999999829e+01,-2.245629299999999873e+01,-2.747547099999999887e+01,-9.399319999999999453e+00,-7.024727999999999639e+00,-3.108913300000000035e+01,-1.805460000000000065e+01,-1.273375300000000010e+01,-1.305170400000000086e+01,1.210296999999999956e+00,7.389133000000000173e+00,5.682076999999999600e+00,-1.180954000000000059e+00,1.564081000000000055e+00,-4.973667999999999978e+00,-2.455338800000000177e+01,-2.502464200000000005e+01,-4.701106000000000229e+00,-2.864130700000000118e+01,4.513406999999999947e+00,-1.319110799999999983e+01,-1.420557600000000065e+01,-2.114914599999999822e+01,8.173792000000000613e+00,-1.343769299999999944e+01,2.835973299999999853e+01,3.762098900000000157e+01,1.768663099999999844e+01,-3.790649999999999853e-01,1.508021899999999960e+01,1.055975100000000033e+01,3.198888799999999932e+01,1.496305999999999914e+00,5.745484000000000258e+00,-5.643633000000000344e+00,2.907824499999999901e+01,2.727627599999999930e+01,1.554853499999999933e+01,1.885297699999999921e+01,1.238234399999999980e+01,1.222787499999999916e+01,-8.452210000000000001e-01,-1.536907999999999941e+00,1.180390300000000003e+01,9.321849999999999525e+00,-1.453235000000000054e+00,-5.899180999999999564e+00,-8.928452999999999307e+00,-1.647887000000000102e+00,-2.099317999999999795e+00,4.358110000000000039e-01,-2.471312999999999960e+01,-3.666014899999999699e+01,1.466673199999999966e+01,6.739066000000000223e+00,-1.616546999999999956e+00,3.247495999999999938e+00,-3.397463999999999817e+00,-7.857719000000000342e+00,-2.901449999999999863e-01,3.043950000000000267e-01,-1.186557999999999957e+01,-6.766096100000000035e+01,-9.178421999999999414e+00,-2.663590299999999900e+01,-1.185684049999999985e+02,-2.318871800000000150e+01,2.287141000000000091e+01,-2.006082100000000068e+01,-3.878736500000000120e+01,-7.986423000000000272e+00,-2.483564099999999897e+01,-6.899704099999999585e+01
-2.717722999999999889e+00,-5.701712999999999809e+00,-1.969309999999999894e+00,-6.348116000000000092e+00,-2.516278999999999932e+00,-1.019493399999999994e+01,-1.683378999999999959e+00,-1.463091999999999970e+01,1.784710000000000019e+00,-1.519630199999999931e+01,-1.238174799999999998e+01,-1.915443300000000093e+01,8.756187999999999860e+00,-8.059499999999999886e+00,5.371291000000000260e+00,-3.276943000000000161e+00,1.985332899999999867e+01,2.254547200000000018e+01,1.273944999999999972e+01,3.109093400000000074e+01,5.405653000000000041e+00,5.844890999999999615e+00,-7.723412999999999862e+00,-3.105782000000000043e+00,-7.470602000000000409e+00,4.125907999999999909e+00,-1.422415999999999903e+00,4.662200999999999596e+00,4.424660300000000035e+01,1.103683799999999948e+01,-3.740129000000000037e+00,1.531422300000000014e+01,1.926395499999999927e+01,2.631097000000000019e+00,1.002355799999999952e+01,-2.177580499999999830e+01,2.845113900000000129e+01,1.357510899999999943e+01,5.017957000000000001e+00,-1.114025900000000036e+01,6.752521900000000699e+01,3.784214500000000214e+01,2.457488299999999981e+01,1.327862700000000018e+01,-7.034195000000000420e+00,-1.134579199999999943e+01,9.022591000000000250e+00,1.221708300000000058e+01,-1.942811000000000021e+01,-4.741547999999999874e+00,-4.161520000000000330e+00,-5.739539999999999642e-01,8.461579000000000406e+00,1.898355099999999851e+01,9.531572999999999851e+00,6.023780999999999608e+00,-5.767569999999999641e-01,-4.682712999999999681e+00,-2.281084800000000001e+01,-1.633537099999999853e+01,-7.359944999999999737e+00,-3.294124500000000211e+01,8.601264999999999716e+00,-1.371774300000000046e+01,-2.192737500000000139e+01,-2.511105099999999979e+01,1.157105800000000073e+01,-1.118049300000000024e+01,3.410184000000000282e+01,6.826794999999999902e+01,1.760575800000000157e+01,2.914712000000000192e+00,1.906882299999999830e+01,1.477410199999999918e+01,3.461140100000000075e+01,1.016771999999999920e+01,9.383414999999999395e+00,2.150165199999999999e+01,6.411897799999999847e+01,4.464361399999999946e+01,2.850468599999999952e+01,2.839313299999999884e+01,9.124216000000000548e+00,1.143755799999999923e+01,2.772629999999999817e-01,5.112680000000000113e+00,8.684741000000000710e+00,1.897828999999999988e+00,-2.763225999999999960e+00,-5.477913000000000032e+00,-6.996470000000000411e+00,3.401256000000000057e+00,-2.694522000000000084e+00,2.617900000000000116e+00,-2.311547399999999897e+01,-2.158235600000000076e+01,1.518907699999999927e+01,1.507122000000000073e+00,6.679769000000000290e+00,5.753032000000000146e+00,-4.875998000000000054e+00,-6.794616999999999685e+00,-1.866832000000000047e+00,7.359959999999999836e-01,-6.159379999999999633e+00,-3.289683399999999835e+01,-8.032660000000000355e-01,7.374979999999999869e-01,-7.306120400000000359e+01,-9.567130999999999830e+00,3.887867899999999821e+01,-7.272485999999999784e+00,-2.154794300000000007e+01,-8.112061999999999884e+00,-1.572573900000000080e+01,-3.274454899999999924e+01
-3.468691999999999886e+00,-1.025152000000000063e+00,-1.141032000000000046e+00,-5.755380999999999858e+00,9.372999999999999388e-03,-6.850944000000000145e+00,-1.990529999999999911e+00,-1.111911699999999925e+01,4.191040000000000099e+00,-9.638021999999999423e+00,-2.364916000000000018e+00,-9.235713000000000505e+00,1.066258400000000073e+01,7.035989999999999744e-01,4.625797000000000381e+00,-3.047730000000000161e-01,2.509414100000000047e+01,2.845028800000000047e+01,1.271922400000000053e+01,4.431551999999999936e+01,8.448567000000000604e+00,1.247859799999999986e+01,-4.109731000000000023e+00,3.540538000000000185e+00,-4.742440000000000211e+00,7.213449999999999918e+00,1.478153999999999968e+00,4.726700000000000124e+00,4.040972500000000167e+01,1.361208599999999969e+01,2.076713999999999949e+00,1.957207800000000120e+01,1.787979400000000041e+01,1.116328500000000012e+01,1.447128000000000014e+01,-1.687387400000000071e+01,2.000997900000000129e+01,6.182260999999999562e+00,-6.634910000000000529e-01,-8.037252999999999759e+00,4.412299999999999756e+01,5.581978000000000328e+00,4.816398399999999924e+01,4.454934500000000241e+01,8.172719000000000733e+00,4.730285000000000295e+00,2.521951500000000124e+01,2.758474700000000013e+01,-8.565659999999999386e+00,7.156001999999999974e+00,2.827395999999999798e+00,9.732350999999999530e+00,1.070247499999999974e+01,2.675844800000000134e+01,8.019607999999999848e+00,1.279617600000000088e+01,-5.307955999999999896e+00,-7.713943999999999690e+00,-2.190602600000000066e+01,-7.419045999999999808e+00,-1.046920700000000082e+01,-3.283911299999999756e+01,8.888149000000000299e+00,-1.229524699999999982e+01,-3.007917799999999886e+01,-2.858180799999999877e+01,9.522714999999999819e+00,-1.369015899999999952e+01,2.987212299999999843e+01,7.379758300000000304e+01,1.106489200000000039e+01,3.930066000000000059e+00,1.759928800000000138e+01,9.082164999999999822e+00,1.818080900000000000e+01,1.512199599999999933e+01,8.089570000000000149e+00,3.879867999999999739e+01,8.163298299999999585e+01,4.930210300000000245e+01,3.134111700000000056e+01,2.582222200000000001e+01,2.506231999999999793e+00,7.512916999999999845e+00,-1.425375999999999976e+00,7.416553999999999647e+00,2.993260999999999949e+00,-6.108222999999999736e+00,-5.642507000000000161e+00,-4.889403999999999861e+00,-5.219267000000000323e+00,3.814728999999999814e+00,-6.290409999999999613e+00,1.167532999999999932e+00,-1.379608299999999943e+01,-3.025593000000000199e+00,1.181314700000000073e+01,-1.230874999999999941e+00,1.278672100000000000e+01,6.322945999999999955e+00,-6.124628000000000405e+00,-4.488839999999999719e+00,-4.133392999999999873e+00,1.610454999999999970e+00,6.209540000000000060e-01,3.179431000000000118e+00,4.952396000000000242e+00,2.118086299999999866e+01,-5.697696999999999790e+00,3.477106000000000030e+00,4.308067499999999939e+01,-7.472229999999999706e-01,-4.313032999999999895e+00,-6.218683999999999656e+00,3.687054999999999971e+00,9.530124000000000706e+00
-4.930371000000000059e+00,-4.083910000000000040e-01,-5.373400000000000398e-01,-3.456728000000000023e+00,1.181691999999999965e+00,-2.395134999999999792e+00,-2.131734999999999935e+00,-4.971015999999999657e+00,5.053975999999999580e+00,-2.679630000000000067e-01,6.478013999999999939e+00,1.939521000000000051e+00,8.727947000000000344e+00,8.759539000000000186e+00,1.932906000000000013e+00,5.167765000000000164e+00,1.768763600000000125e+01,2.312197400000000158e+01,9.540533999999999182e+00,4.107285000000000252e+01,7.208188999999999957e+00,9.674386999999999404e+00,-3.827980000000000271e-01,6.953502000000000294e+00,-1.000337000000000032e+00,6.264803999999999817e+00,3.362312000000000189e+00,4.457257000000000247e+00,2.671022599999999869e+01,1.448539199999999916e+01,7.891074999999999839e+00,2.044605599999999868e+01,1.303477299999999950e+01,1.135422699999999985e+01,1.437839199999999984e+01,-7.947693000000000119e+00,3.399729999999999919e+00,-9.577029999999999710e-01,-3.258722999999999814e+00,2.402040000000000008e-01,1.414632300000000065e+01,-2.351116700000000037e+01,5.987209299999999956e+01,5.968821299999999752e+01,1.894698599999999900e+01,1.705327300000000079e+01,3.608572999999999809e+01,3.970678600000000102e+01,4.714499999999999941e-02,1.422554200000000080e+01,6.903357999999999883e+00,1.497887500000000038e+01,9.649155000000000371e+00,2.859157000000000082e+01,5.128699000000000119e+00,1.763141800000000003e+01,-1.100772300000000037e+01,-1.212465399999999960e+01,-1.885488900000000001e+01,3.901569999999999760e-01,-1.282011800000000079e+01,-2.522943000000000069e+01,2.978851999999999833e+00,-1.041708500000000015e+01,-3.040317200000000142e+01,-2.548162500000000108e+01,4.175140999999999991e+00,-1.471031400000000033e+01,1.667598600000000175e+01,5.501486700000000241e+01,1.825366000000000044e+00,4.356139999999999901e+00,1.222440600000000011e+01,-2.848899999999999988e+00,-6.763746000000000258e+00,1.588349900000000048e+01,3.196045999999999943e+00,4.135405999999999693e+01,7.336353599999999631e+01,3.894616800000000012e+01,2.267216499999999968e+01,1.442849200000000032e+01,-3.894554999999999989e+00,6.593834000000000195e+00,-3.298829000000000011e+00,6.129647000000000290e+00,-1.695634000000000086e+00,-9.872597000000000733e+00,-7.058874000000000315e+00,-2.729649999999999910e+00,-1.447000999999999982e+00,2.218497999999999859e+00,-9.756716000000000832e+00,-1.490704999999999947e+00,2.767309000000000019e+00,1.394462399999999924e+01,1.043184600000000017e+01,4.676426000000000194e+00,1.691420899999999961e+01,6.740326999999999735e+00,-5.317192999999999614e+00,-1.536011999999999933e+00,-4.603696000000000232e+00,3.199806000000000150e+00,7.757054000000000116e+00,2.889424500000000151e+01,8.098141999999999285e+00,2.676323199999999858e+01,5.167672199999999805e+01,1.329167600000000071e+01,4.512248300000000256e+01,1.050070000000000059e+00,6.057025999999999577e+00,-1.981818000000000080e+00,2.806708599999999976e+01,4.180205099999999874e+01
-5.250808000000000142e+00,-1.892471999999999932e+00,1.205697999999999936e+00,1.191081999999999974e+00,2.439181000000000044e+00,3.135672000000000015e+00,-7.681329999999999547e-01,4.554770000000000429e+00,6.348524000000000278e+00,1.033532499999999921e+01,1.307765099999999947e+01,1.375249099999999913e+01,5.333302999999999905e+00,1.550879800000000053e+01,7.109109999999999596e-01,1.300309200000000054e+01,1.193775999999999948e+00,8.344141000000000474e+00,4.709951000000000221e+00,2.634437600000000046e+01,4.213663000000000380e+00,1.278415999999999997e+00,3.770885999999999960e+00,1.189851999999999954e+01,3.659119000000000010e+00,6.117839000000000027e+00,3.032667000000000002e+00,3.232877999999999918e+00,1.139583000000000013e+01,1.358525900000000064e+01,1.236044200000000082e+01,2.349507099999999937e+01,6.618536999999999892e+00,7.431731000000000087e+00,1.120802800000000055e+01,5.177153999999999812e+00,-1.132196700000000078e+01,-3.136715000000000142e+00,1.385510000000000019e+00,1.033117900000000056e+01,-5.088481999999999950e+00,-3.449701699999999960e+01,5.986301000000000272e+01,5.940167199999999781e+01,2.369640700000000066e+01,2.510546599999999984e+01,4.076894599999999969e+01,4.852360900000000044e+01,6.904751000000000083e+00,1.644180499999999867e+01,8.741277000000000186e+00,1.552630500000000069e+01,9.049196999999999491e+00,2.517984300000000175e+01,4.892727999999999966e+00,1.961722599999999872e+01,-1.477061499999999938e+01,-1.491862500000000047e+01,-1.182490499999999933e+01,6.518523000000000067e+00,-1.380905699999999925e+01,-1.122656500000000079e+01,-7.591007000000000282e+00,-9.187989999999999213e+00,-1.912990599999999830e+01,-1.261463900000000038e+01,-7.128550000000000164e-01,-8.639557999999999183e+00,1.347107000000000054e+00,2.556632799999999861e+01,-5.526741000000000348e+00,5.469028999999999918e+00,5.425016000000000282e+00,-1.424310499999999990e+01,-2.586201000000000150e+01,1.251093099999999936e+01,-2.268212000000000117e+00,3.141135200000000083e+01,4.334366800000000097e+01,1.830340800000000101e+01,6.758334999999999759e+00,7.926419999999999577e-01,-7.373497000000000412e+00,1.108472300000000033e+01,-2.951455000000000162e+00,4.474503999999999593e+00,-3.029692999999999969e+00,-8.012121999999999744e+00,-5.267438000000000287e+00,1.232439000000000062e+00,5.040536999999999601e+00,2.271695999999999938e+00,-9.480330000000000368e+00,-2.694666999999999923e+00,2.083280299999999841e+01,2.488224599999999853e+01,1.423019599999999940e+01,1.863804000000000016e+01,1.945971300000000070e+01,8.481944000000000372e+00,-1.521301999999999932e+00,1.033104999999999940e+00,-1.910563999999999929e+00,5.228856999999999644e+00,1.437225800000000042e+01,3.883375399999999900e+01,9.219094000000000122e+00,1.877048699999999926e+01,7.371046499999999924e+01,2.015350899999999967e+01,5.196343000000000245e+01,2.248368999999999840e+00,8.940151999999999433e+00,3.838696000000000108e+00,4.889194100000000276e+01,5.368500199999999722e+01
-3.290519000000000194e+00,-2.257668999999999926e+00,4.241387999999999714e+00,7.292460000000000164e+00,4.723575000000000301e+00,9.262721000000000871e+00,2.075242999999999949e+00,1.551516499999999965e+01,8.616452999999999918e+00,1.897371899999999911e+01,1.625317799999999835e+01,2.439137900000000059e+01,2.547044999999999781e+00,2.018598300000000023e+01,2.325696000000000208e+00,2.092486600000000152e+01,-1.478112699999999968e+01,-8.367478999999999445e+00,6.033770000000000522e-01,1.068908099999999983e+01,2.249209000000000014e+00,-5.196045999999999943e+00,8.186382999999999299e+00,2.002878799999999870e+01,8.712932999999999595e+00,1.019909499999999980e+01,4.806790000000000229e-01,1.130071000000000048e+00,1.598916000000000004e+00,1.103100700000000067e+01,1.392745299999999986e+01,3.016463999999999857e+01,1.025241000000000069e+00,5.194886999999999588e+00,6.767540999999999585e+00,1.872047799999999995e+01,-1.607568900000000056e+01,2.240479999999999972e-01,1.080399899999999924e+01,1.627809299999999837e+01,-6.821454000000000129e+00,-2.559143299999999854e+01,5.233676599999999723e+01,5.134458899999999915e+01,2.366817100000000096e+01,3.140018900000000102e+01,4.040924600000000311e+01,5.244929799999999886e+01,1.320625199999999921e+01,1.639528400000000019e+01,1.038558199999999943e+01,1.434528700000000079e+01,1.184276099999999943e+01,1.980296900000000093e+01,8.720307000000000031e+00,1.913413800000000009e+01,-1.373487399999999958e+01,-1.322907900000000048e+01,-1.500107000000000079e+00,1.078332400000000035e+01,-1.316344199999999987e+01,4.449741999999999642e+00,-1.747205200000000147e+01,-8.235753000000000767e+00,8.648709999999999454e-01,7.983101999999999698e+00,-2.180862999999999996e+00,5.878228000000000009e+00,-8.096035000000000537e+00,2.969101999999999908e+00,-7.975305999999999784e+00,7.401469999999999771e+00,-3.681459999999999733e-01,-1.847665299999999888e+01,-2.853539800000000071e+01,5.967772000000000077e+00,-4.543485000000000440e+00,1.712773999999999930e+01,7.408380000000000187e+00,-2.884271000000000029e+00,-7.931404999999999816e+00,-8.157431000000000765e+00,-7.140628999999999671e+00,1.824741600000000119e+01,5.436299999999999466e-01,5.977599999999999802e+00,-1.210636000000000045e+00,-2.947147999999999879e+00,-7.403009999999999868e-01,5.804940000000000211e+00,1.270702499999999979e+01,5.982435999999999865e+00,-3.788788999999999962e+00,-1.448671999999999960e+00,3.290179400000000243e+01,2.797044700000000006e+01,2.145640799999999970e+01,3.295004999999999740e+01,2.106944299999999970e+01,1.163728000000000051e+01,4.296143999999999963e+00,2.247114999999999974e+00,3.040074000000000165e+00,6.879122999999999877e+00,1.891293800000000047e+01,3.443907699999999750e+01,8.435847000000000762e+00,5.734683999999999671e+00,5.704820899999999995e+01,2.622326299999999932e+01,6.141855999999999938e+01,6.821877999999999886e+00,9.748801000000000272e+00,9.620340000000000558e+00,5.920089800000000224e+01,4.500683099999999826e+01
7.035289999999999599e-01,9.269239999999999702e-01,7.274170999999999943e+00,1.282213299999999911e+01,7.818171000000000426e+00,1.508526200000000017e+01,5.133532999999999902e+00,2.414030599999999893e+01,1.085529799999999945e+01,2.323529200000000117e+01,1.560443099999999994e+01,3.111722899999999825e+01,1.217057999999999973e+00,2.168652799999999914e+01,5.654868999999999701e+00,2.574627100000000013e+01,-1.974117199999999883e+01,-1.729422399999999982e+01,-1.067690000000000028e+00,3.375325000000000131e+00,2.829775000000000151e+00,-3.613065999999999889e+00,1.231987900000000025e+01,2.905823399999999879e+01,1.331255799999999923e+01,1.863193599999999961e+01,-2.824000999999999983e+00,-6.763270000000000115e-01,-3.215900000000000009e-02,7.587957000000000285e+00,1.204252199999999995e+01,3.731816500000000048e+01,-2.088614000000000193e+00,8.510338000000000847e+00,2.584617000000000164e+00,2.740556700000000134e+01,-8.978920999999999708e+00,5.902629000000000126e+00,1.801170600000000022e+01,1.379858100000000043e+01,3.009714999999999918e+00,-6.717062000000000310e+00,4.205211400000000310e+01,4.399500900000000314e+01,2.138057200000000080e+01,3.865110800000000069e+01,3.665532900000000183e+01,4.921895700000000318e+01,1.920578700000000083e+01,1.668124800000000008e+01,1.346621400000000079e+01,1.447237200000000001e+01,1.767115499999999884e+01,1.602796899999999880e+01,1.444615499999999919e+01,1.736984199999999845e+01,-6.930725999999999942e+00,-5.907577999999999996e+00,9.218317000000000760e+00,1.291030300000000075e+01,-1.072213900000000031e+01,1.622515699999999939e+01,-2.049904499999999885e+01,-6.055433999999999983e+00,2.189460899999999910e+01,2.964305500000000038e+01,3.286000000000000032e-02,2.479455499999999901e+01,-8.343662999999999386e+00,-2.819204000000000043e+00,-5.514344000000000356e+00,9.277404999999999902e+00,-3.667021999999999782e+00,-1.263997499999999974e+01,-1.375418200000000013e+01,-1.684199999999999919e+00,-1.128044999999999964e+00,7.686257000000000339e+00,-1.525602400000000003e+01,-1.535552900000000065e+01,-1.317719699999999960e+01,-8.288074999999999193e+00,-4.238216000000000427e+00,2.241476799999999869e+01,6.294674999999999798e+00,1.168848999999999982e+01,1.370991000000000071e+00,1.181869999999999976e+00,4.362650999999999613e+00,8.977930000000000632e+00,1.844801199999999852e+01,1.214693699999999943e+01,5.685584999999999667e+00,1.075627000000000111e+00,3.420100999999999658e+01,2.456092299999999895e+01,2.654425000000000168e+01,3.732256000000000284e+01,2.231561100000000053e+01,1.467869499999999938e+01,9.456039999999999779e+00,1.715157000000000043e+00,7.500102000000000046e+00,7.135468999999999618e+00,1.943009199999999836e+01,2.189798700000000053e+01,5.473068999999999740e+00,-2.511696000000000151e+00,2.140039200000000008e+01,3.283852100000000007e+01,6.313345900000000199e+01,1.595467499999999994e+01,1.475900000000000034e+01,1.326441600000000065e+01,5.672359800000000263e+01,2.502582800000000063e+01
5.162658000000000413e+00,7.460720000000000240e+00,8.376749000000000223e+00,1.554356100000000040e+01,1.047229800000000033e+01,1.927052700000000129e+01,6.802742000000000289e+00,2.689532499999999970e+01,1.152786700000000053e+01,2.227952399999999855e+01,1.209699600000000075e+01,3.150543700000000058e+01,9.588339999999999641e-01,1.896724499999999836e+01,8.168112000000000705e+00,2.508824200000000104e+01,-8.909909000000000745e+00,-1.240269200000000005e+01,-4.850309999999999899e-01,6.497263000000000233e+00,5.489259999999999806e+00,6.374518000000000129e+00,1.526136900000000018e+01,3.464784600000000125e+01,1.635774599999999879e+01,2.808454300000000003e+01,-4.781274999999999942e+00,-9.373690000000000078e-01,3.979681999999999942e+00,4.501357999999999748e+00,7.795490000000000030e+00,3.983738400000000013e+01,-2.771666999999999881e+00,1.689418900000000079e+01,-2.599319999999999964e-01,2.814609300000000047e+01,5.018404000000000309e+00,9.330161999999999622e+00,1.670433799999999991e+01,3.488217000000000123e+00,1.191066999999999965e+01,8.504671999999999343e+00,3.122429500000000147e+01,4.052165000000000106e+01,1.848489000000000004e+01,4.640116100000000188e+01,3.009005300000000105e+01,3.765092099999999675e+01,2.340646100000000018e+01,1.749908200000000136e+01,1.748279799999999895e+01,1.642786699999999911e+01,2.257322299999999871e+01,1.493636799999999987e+01,1.769369500000000173e+01,1.500573999999999941e+01,3.561907999999999852e+00,5.348265999999999742e+00,1.685850200000000143e+01,1.233018999999999998e+01,-6.551355000000000040e+00,2.075295399999999901e+01,-1.383061400000000063e+01,-1.575144000000000100e+00,3.578391799999999989e+01,4.426821600000000245e+01,3.333407999999999927e+00,4.044684500000000327e+01,-3.511270999999999809e+00,4.610770999999999731e+00,-7.839519999999999822e-01,1.000872400000000084e+01,-4.372361999999999860e+00,6.539909999999999890e-01,9.629934000000000438e+00,-7.781973999999999947e+00,7.309941000000000244e+00,7.670045000000000002e+00,-1.408988800000000019e+01,-1.589968999999999966e+01,-6.114082999999999934e+00,-2.408190000000000053e-01,-7.071790000000000020e-01,1.903071500000000071e+01,1.207158599999999993e+01,1.874349099999999879e+01,1.835817000000000032e+00,1.358314999999999939e+00,7.633327999999999669e+00,8.993919999999999249e+00,1.935890200000000050e+01,1.694059299999999979e+01,1.464402699999999946e+01,2.643804999999999961e+00,2.518438700000000097e+01,1.799597899999999839e+01,2.372904300000000077e+01,2.554328299999999885e+01,2.297425399999999840e+01,1.522122199999999914e+01,1.103618200000000016e+01,-1.366169999999999884e-01,8.635078000000000031e+00,5.293492999999999782e+00,1.473743699999999990e+01,8.807501000000000246e+00,6.294070000000000498e-01,-7.795969999999999844e-01,-4.827105000000000423e+00,3.839397199999999799e+01,4.628933099999999712e+01,2.698828500000000119e+01,2.506343000000000032e+01,1.278969099999999948e+01,4.383067799999999892e+01,6.725550000000000139e+00
8.034473999999999450e+00,1.427580599999999933e+01,6.341846999999999568e+00,1.404445600000000027e+01,1.120584299999999978e+01,2.029329399999999950e+01,6.178664999999999630e+00,2.251955500000000043e+01,9.857423000000000712e+00,1.687536800000000170e+01,7.693163000000000196e+00,2.502234599999999887e+01,8.048889999999999656e-01,1.191937599999999975e+01,7.656310000000000393e+00,1.860123700000000113e+01,1.312475200000000086e+01,4.334049000000000262e+00,3.130359999999999809e-01,1.411157599999999945e+01,8.228566000000000713e+00,1.871983099999999922e+01,1.581011299999999942e+01,3.335599100000000305e+01,1.667289600000000149e+01,3.346729299999999796e+01,-4.114240999999999815e+00,1.692009999999999903e-01,8.058128999999999209e+00,2.858887000000000178e+00,3.406051999999999857e+00,3.426730500000000035e+01,-2.683895000000000142e+00,2.572656299999999874e+01,-1.155159000000000047e+00,2.216409099999999910e+01,1.738409000000000049e+01,7.517660000000000231e+00,5.941785999999999568e+00,-9.287817999999999685e+00,1.039843899999999977e+01,1.165042200000000072e+01,1.890847399999999823e+01,3.703283700000000067e+01,1.468177000000000021e+01,5.006331300000000084e+01,1.993377500000000069e+01,1.911009900000000172e+01,2.333391699999999958e+01,1.641662600000000083e+01,1.958831599999999895e+01,1.764254599999999940e+01,2.140011799999999909e+01,1.415068100000000051e+01,1.476309799999999939e+01,1.138250500000000009e+01,1.321749600000000058e+01,1.632800500000000099e+01,1.931900399999999962e+01,8.522909000000000290e+00,-1.175434000000000090e+00,1.855213099999999926e+01,-3.609010000000000273e-01,4.419008999999999965e+00,3.798427399999999921e+01,4.641517199999999832e+01,4.028125000000000178e+00,4.537510600000000238e+01,-2.310337999999999781e+00,1.180998800000000060e+01,2.868761999999999812e+00,9.168649000000000271e+00,-3.506654999999999855e+00,1.459475199999999973e+01,2.854375299999999882e+01,-1.017318299999999986e+01,1.669131199999999993e+01,1.444475699999999918e+01,5.387883999999999673e+00,-9.036861000000000033e+00,8.473817999999999628e+00,1.091700900000000019e+01,1.452282000000000073e+00,7.773149000000000086e+00,1.533624999999999972e+01,2.164506099999999833e+01,-1.293525000000000036e+00,-2.592973000000000194e+00,7.779340000000000366e+00,5.348150000000000404e+00,1.451673300000000033e+01,1.634215500000000176e+01,1.848886200000000102e+01,1.736558000000000046e+00,1.081915000000000049e+01,1.157914599999999972e+01,1.089969699999999975e+01,9.076099999999999446e-02,2.164434899999999828e+01,1.141559200000000018e+01,7.775769000000000375e+00,-2.258668000000000120e+00,5.416229000000000404e+00,1.376826000000000105e+00,5.648970000000000269e+00,9.189060000000000006e-01,-4.449756999999999962e+00,8.994593000000000060e+00,-4.455078999999999567e+00,3.878480400000000117e+01,8.627247999999999806e+00,3.469074400000000225e+01,3.470277800000000212e+01,7.218338000000000143e+00,2.524892099999999928e+01,-6.683360000000000412e-01
8.023255000000000692e+00,1.732741100000000145e+01,1.692204999999999959e+00,8.526443999999999690e+00,9.283872000000000568e+00,1.715415899999999993e+01,3.617834000000000216e+00,1.290854200000000063e+01,6.494081999999999688e+00,8.997899999999999565e+00,4.249246000000000301e+00,1.391239700000000035e+01,1.385199999999999973e-02,2.152085000000000026e+00,3.583172999999999941e+00,8.165976999999999819e+00,3.463378099999999904e+01,2.359779199999999832e+01,-1.134370000000000100e+00,1.703579799999999977e+01,8.856749000000000649e+00,2.493618999999999986e+01,1.295835699999999946e+01,2.472122399999999942e+01,1.347318800000000039e+01,3.075697800000000015e+01,-1.329707999999999890e+00,6.722439999999999527e-01,7.209189000000000291e+00,3.054332000000000047e+00,9.193599999999999550e-01,2.117014999999999958e+01,-3.800428999999999835e+00,2.917573700000000159e+01,-1.007279999999999981e-01,1.403138299999999994e+01,2.120979699999999823e+01,8.342699999999999561e-01,-8.769100999999999146e+00,-1.764093400000000145e+01,-1.636490000000000000e+00,4.018640999999999686e+00,3.201576000000000199e+00,2.655744200000000177e+01,8.526998000000000744e+00,4.372194300000000311e+01,5.476887999999999757e+00,-2.196785000000000210e+00,1.752084100000000078e+01,1.061886100000000077e+01,1.638713200000000114e+01,1.451920900000000003e+01,1.159097900000000081e+01,9.748428000000000537e+00,5.318744999999999834e+00,5.196006999999999820e+00,1.745270100000000113e+01,2.238578599999999952e+01,1.701887599999999878e+01,1.824761000000000077e+00,4.528401999999999816e+00,1.346961699999999951e+01,1.258687399999999990e+01,9.402357000000000298e+00,2.935868200000000172e+01,3.610293399999999764e+01,-5.730500000000000177e-02,3.628409400000000318e+01,-1.132841999999999949e+01,6.303366999999999720e+00,3.662631999999999888e+00,7.362613999999999770e+00,-2.308901000000000092e+00,2.218984899999999882e+01,3.404975100000000054e+01,-8.256702999999999903e+00,2.169723700000000122e+01,2.049176800000000043e+01,2.471661800000000042e+01,-3.277069000000000010e+00,2.077537600000000140e+01,1.856641799999999876e+01,1.141178000000000026e+00,-7.092139999999999667e+00,1.443439700000000059e+01,1.585371400000000008e+01,-7.163708999999999882e+00,-8.243956999999999979e+00,5.176890000000000214e+00,-7.224249999999999838e-01,5.728037999999999741e+00,8.896065999999999363e+00,1.504059999999999953e+01,-1.310969000000000051e+00,-2.341946000000000083e+00,7.029809000000000196e+00,-8.567524000000000584e+00,-2.828862600000000072e+01,1.650923999999999836e+01,3.275923999999999836e+00,1.125839999999999952e+00,-3.500846999999999820e+00,-6.414990000000000414e-01,-3.733334000000000152e+00,-4.791065999999999825e+00,-8.928200000000000025e-02,-7.167049999999999699e+00,1.968474900000000005e+01,1.695986699999999914e+01,3.045990199999999959e+01,-3.952575000000000216e+01,3.434431200000000217e+01,3.492623300000000341e+01,-2.470797999999999828e+00,5.762182000000000137e+00,3.314264999999999795e+00
5.564314000000000426e+00,1.461574599999999968e+01,-3.333454999999999835e+00,1.019084000000000101e+00,5.264520000000000088e+00,1.033218500000000084e+01,5.705050000000000399e-01,2.379846999999999824e+00,3.162335999999999814e+00,1.281976999999999922e+00,2.567676000000000069e+00,2.629739999999999966e+00,-1.398447999999999913e+00,-7.024689999999999657e+00,-2.580652000000000168e+00,-2.847923000000000204e+00,4.388962099999999822e+01,3.451162300000000016e+01,-5.781183000000000405e+00,9.993280000000000385e+00,6.452954000000000079e+00,2.015939600000000098e+01,6.792275000000000063e+00,1.149117299999999986e+01,7.030390999999999835e+00,1.954404900000000112e+01,1.617189999999999905e+00,-1.703858000000000095e+00,1.660459999999999992e-01,4.783018000000000214e+00,1.061363000000000056e+00,4.977773000000000003e+00,-6.691768999999999856e+00,2.418675400000000053e+01,2.125612999999999975e+00,8.475661999999999807e+00,1.528417899999999996e+01,-7.164244000000000057e+00,-1.859956499999999835e+01,-1.723924399999999935e+01,-1.570117600000000024e+01,-5.165835000000000399e+00,-1.548764599999999980e+01,5.900282999999999944e+00,-4.981070000000000220e-01,2.505958299999999994e+01,-1.178709199999999946e+01,-2.026983399999999946e+01,7.354735999999999940e+00,-2.992999999999999827e-02,6.739537999999999585e+00,5.716047999999999796e+00,-4.223711999999999911e+00,-1.425389999999999990e-01,-6.807244999999999990e+00,-3.597370000000000179e+00,1.449569200000000002e+01,2.129473700000000136e+01,1.272136000000000067e+01,-5.814116000000000284e+00,9.921512999999999138e+00,1.050076800000000077e+01,1.779614099999999866e+01,1.097147000000000006e+01,1.514641600000000032e+01,1.888071000000000055e+01,-7.785568999999999740e+00,1.615046500000000052e+01,-2.914516199999999913e+01,-1.309153500000000037e+01,2.488261000000000056e+00,5.873942000000000441e+00,-1.211165999999999965e+00,2.063832999999999984e+01,2.702520600000000073e+01,-3.193246999999999947e+00,1.931345900000000171e+01,1.924610799999999955e+01,2.525643900000000031e+01,-4.351676000000000322e+00,2.234587900000000005e+01,1.862693799999999911e+01,-1.359270999999999896e+00,-1.908033899999999861e+01,9.507034000000000873e+00,1.471729999999999983e+00,-1.309427499999999966e+01,-1.221855599999999953e+01,1.498242999999999991e+00,-6.502151999999999710e+00,-3.198007000000000044e+00,-2.947459999999999969e+00,5.940782999999999703e+00,-4.549741000000000035e+00,-9.180021999999999238e+00,4.285554000000000308e+00,-2.700963300000000089e+01,-4.597084600000000165e+01,7.134763999999999662e+00,-6.799770999999999788e+00,-5.390926000000000329e+00,-3.180536000000000030e+00,-6.390893000000000157e+00,-8.527952000000000865e+00,-1.255738700000000030e+01,2.937796000000000074e+00,-5.479376000000000246e+00,2.361232899999999901e+01,3.612883999999999673e+01,1.396161700000000039e+01,-7.919886599999999532e+01,2.499334299999999942e+01,2.162532300000000163e+01,-1.296183800000000019e+01,-1.062931599999999932e+01,1.087579299999999982e+01
2.881826999999999916e+00,8.259942999999999813e+00,-5.882662999999999975e+00,-5.224048999999999943e+00,7.900169999999999693e-01,2.235749999999999904e+00,-1.144528999999999908e+00,-4.299739999999999895e+00,1.605431999999999970e+00,-3.638014000000000081e+00,2.354182000000000219e+00,-4.128190000000000026e+00,-2.610831999999999820e+00,-1.176287899999999986e+01,-8.095795999999999992e+00,-1.083167000000000080e+01,3.670103300000000246e+01,3.188403800000000032e+01,-1.202458700000000036e+01,-3.951089000000000073e+00,2.063924999999999788e+00,7.116119999999999557e+00,-7.972730000000000095e-01,-1.746018000000000070e+00,-9.352909999999999835e-01,3.795291000000000192e+00,2.773829999999999796e+00,-7.219820000000000348e+00,-9.685223999999999833e+00,7.475077999999999889e+00,3.052744000000000124e+00,-8.265446999999999989e+00,-9.646846000000000032e+00,1.301463799999999971e+01,4.111581000000000152e+00,7.379438999999999638e+00,4.601258999999999766e+00,-1.162515100000000068e+01,-1.664880899999999997e+01,-8.540642999999999319e+00,-2.143649600000000177e+01,-5.037918999999999592e+00,-3.275573299999999932e+01,-1.982251099999999866e+01,-1.033871500000000054e+01,-1.284664000000000028e+00,-2.722130299999999892e+01,-2.930554499999999862e+01,-2.692232999999999876e+00,-1.159672100000000050e+01,-6.446072000000000024e+00,-5.870656000000000319e+00,-1.883445000000000036e+01,-1.286077700000000057e+01,-1.533665000000000056e+01,-1.232156200000000013e+01,6.823654000000000330e+00,1.503622499999999995e+01,1.021491100000000074e+01,-1.083853099999999969e+01,1.525759299999999996e+01,1.324336599999999997e+01,1.302833799999999975e+01,9.098473000000000255e+00,2.135562999999999878e+00,3.098942999999999781e+00,-1.498286300000000004e+01,-6.732714999999999783e+00,-4.577226399999999984e+01,-3.392488300000000123e+01,2.080989999999999895e+00,5.828650999999999804e+00,5.765689999999999982e-01,1.317167099999999991e+01,1.720730299999999957e+01,2.901517000000000124e+00,1.135070999999999941e+01,1.036973500000000037e+01,2.276088999999999807e+00,-1.033594000000000079e+01,1.217712099999999964e+01,1.244519599999999926e+01,-4.440324999999999633e+00,-2.295907400000000109e+01,2.676340000000000163e+00,-1.567476500000000073e+01,-1.610420500000000033e+01,-1.202439399999999914e+01,-1.192312000000000038e+00,-8.809183000000000874e+00,-8.269413000000000125e+00,-1.384200000000000053e+01,-4.169435000000000002e+00,-5.752011000000000429e+00,-7.543320999999999721e+00,2.492555999999999994e+00,-3.605824799999999897e+01,-4.374177900000000108e+01,-3.978963999999999945e+00,-1.474579800000000063e+01,-8.233071999999999946e+00,-1.390449000000000046e+00,-8.982741000000000753e+00,-1.138895199999999974e+01,-1.473974300000000071e+01,4.390170000000000350e+00,5.827710000000000390e-01,1.693844299999999947e+01,2.991283599999999865e+01,-4.870841999999999672e+00,-9.246357399999999416e+01,1.083769999999999989e+01,1.084100000000000064e-01,-1.946605800000000031e+01,-2.044267599999999874e+01,1.175136400000000059e+01
2.903999999999999915e+00,3.841140000000000221e+00,-4.079341000000000328e+00,-7.107816999999999830e+00,-2.257578999999999780e+00,-3.541131000000000029e+00,-2.196019999999999917e-01,-4.159164999999999779e+00,2.551648000000000138e+00,-3.991432999999999787e+00,3.010597999999999885e+00,-3.813711000000000073e+00,-2.408602999999999827e+00,-9.591957999999999984e+00,-1.033762699999999946e+01,-1.322568000000000055e+01,1.918940399999999968e+01,1.980553199999999947e+01,-1.641123899999999836e+01,-1.494889700000000055e+01,-1.846580000000000110e+00,-5.082550000000000345e+00,-6.445729000000000042e+00,-1.057641699999999929e+01,-7.674046999999999841e+00,-9.901206000000000174e+00,1.668544000000000027e+00,-1.304851099999999953e+01,-1.616424400000000006e+01,1.067678500000000064e+01,5.409743999999999886e+00,-1.383099900000000027e+01,-9.484477999999999298e+00,2.465446000000000026e+00,4.453749000000000180e+00,9.085095000000000809e+00,-2.978499999999999925e+00,-9.011207000000000633e+00,-2.039633999999999947e+00,4.020572999999999730e+00,-1.422464100000000009e+01,1.005356199999999944e+01,-4.175396299999999883e+01,-3.877023499999999956e+01,-1.665825299999999842e+01,-2.495008699999999990e+01,-3.459837699999999927e+01,-2.592368300000000048e+01,-7.009641000000000233e+00,-1.778123700000000085e+01,-1.705672300000000163e+01,-1.418909599999999926e+01,-2.431308500000000095e+01,-2.210038499999999928e+01,-1.495134900000000044e+01,-1.624624299999999977e+01,-4.162899999999999934e-02,9.019574999999999676e+00,1.253317599999999921e+01,-9.302808999999999884e+00,2.169036099999999934e+01,2.221418299999999846e+01,2.799986999999999782e+00,6.839563000000000059e+00,-4.339151000000000202e+00,-4.231011999999999773e+00,-1.676186699999999874e+01,-2.252673899999999918e+01,-4.835540300000000258e+01,-3.777947900000000203e+01,4.798254000000000019e+00,7.416938000000000031e+00,4.444429999999999659e+00,6.899206999999999645e+00,1.597616200000000042e+01,8.203022999999999954e+00,3.851442000000000032e+00,5.409359999999999724e-01,-2.993176400000000115e+01,-1.259041200000000060e+01,-1.969545000000000101e+00,6.353753000000000206e+00,-5.852936999999999834e+00,-1.733025299999999902e+01,-2.754790999999999990e+00,-2.679307700000000025e+01,-1.452069099999999935e+01,-7.083330000000000126e+00,-1.354478999999999989e+00,-5.459716000000000236e+00,-7.260309000000000346e+00,-1.839696500000000157e+01,-1.025635499999999922e+01,-3.840257999999999949e+00,1.849669999999999925e+00,1.218502999999999892e+00,-3.074829499999999882e+01,-2.179192000000000107e+01,-1.169539100000000076e+01,-1.662289200000000022e+01,-6.012368000000000379e+00,1.113995000000000068e+00,-7.517262999999999806e+00,-1.121159600000000012e+01,-1.112147299999999994e+01,-5.734460000000000113e-01,8.637885000000000701e+00,1.507182000000000022e+00,-6.752547999999999995e+00,-1.741181500000000071e+01,-7.206400700000000370e+01,-4.055690000000000128e-01,-1.703271399999999858e+01,-1.787689599999999857e+01,-2.081744300000000081e+01,7.847629999999999884e-01
7.486544000000000310e+00,6.952704999999999913e+00,1.813681000000000099e+00,-3.345975999999999839e+00,-2.744591999999999921e+00,-4.099422999999999817e+00,3.505487000000000020e+00,2.542771999999999810e+00,5.328251999999999988e+00,2.186780000000000113e-01,4.436321999999999655e+00,2.528287999999999869e+00,1.297770000000000035e-01,-1.047080000000000011e+00,-8.150525999999999271e+00,-9.475174000000000873e+00,3.690625999999999962e+00,8.771214000000000510e+00,-1.578599099999999922e+01,-1.306822999999999979e+01,-2.930394000000000165e+00,-6.943764999999999965e+00,-6.973542000000000129e+00,-1.250375000000000014e+01,-1.070143900000000059e+01,-1.589963799999999949e+01,-3.522569999999999868e-01,-1.480193000000000048e+01,-1.398832999999999949e+01,1.399097399999999958e+01,7.014784999999999826e+00,-1.041236400000000017e+01,-3.748793000000000042e+00,-2.033000000000000085e-03,2.641277000000000097e+00,1.026596600000000059e+01,-1.829051999999999900e+00,8.339659999999999851e-01,1.951522800000000046e+01,1.496951100000000068e+01,1.631580999999999948e+00,3.677954100000000182e+01,-3.729589299999999952e+01,-3.956656399999999962e+01,-1.522707400000000000e+01,-3.553521500000000088e+01,-2.964551200000000009e+01,-1.082440399999999947e+01,-2.065293000000000045e+00,-1.387341100000000083e+01,-1.915770099999999942e+01,-1.376236199999999954e+01,-1.689267600000000158e+01,-2.198310999999999993e+01,-4.474291000000000018e+00,-1.151234000000000002e+01,-8.939859999999999474e-01,8.802053000000000793e+00,2.051259699999999953e+01,1.001986999999999961e+00,3.029937100000000072e+01,3.466200400000000315e+01,-4.454971999999999710e+00,8.528384000000000853e+00,-2.310938000000000159e+00,-8.476439999999999531e-01,-1.055059600000000053e+01,-2.467372100000000046e+01,-2.965287500000000165e+01,-1.302477499999999999e+01,1.054297500000000021e+01,9.664766000000000190e+00,1.100575000000000081e+01,7.851589999999999847e+00,2.768003900000000073e+01,1.196109700000000053e+01,3.311885000000000190e+00,-1.124071000000000042e+00,-4.665892199999999690e+01,-2.348876999999999882e+00,-8.445923999999999765e+00,7.665500999999999898e+00,-3.895849999999999813e+00,-5.121444999999999581e+00,-3.896414000000000044e+00,-2.537258100000000027e+01,-8.798901000000000749e+00,1.252175999999999956e+00,1.439777000000000085e+00,3.417927999999999855e+00,-7.769009999999999527e-01,-1.421378900000000023e+01,-9.742160000000000153e+00,5.329629999999999646e-01,1.624513100000000065e+01,9.013099999999999445e-01,-1.210423300000000069e+01,1.038501899999999978e+01,-1.089959699999999998e+01,-1.070842400000000083e+01,-3.300060000000000215e-01,3.374623000000000150e+00,-3.363020999999999816e+00,-7.886479999999999713e+00,-4.138671999999999684e+00,-1.240017399999999981e+01,1.527441499999999941e+01,-1.641085700000000003e+01,-5.576882700000000170e+01,-1.720407099999999900e+01,-2.540131500000000031e+01,-1.616699000000000108e+00,-1.813044100000000114e+01,-7.266971999999999987e+00,-1.087840600000000002e+01,-1.768587000000000131e+01
1.594166500000000042e+01,1.897921499999999995e+01,9.358532000000000295e+00,4.515468000000000259e+00,-8.492790000000000061e-01,7.912630000000000496e-01,8.896442999999999657e+00,1.240840400000000088e+01,8.287810000000000343e+00,6.798235000000000028e+00,7.019591000000000136e+00,1.071372500000000016e+01,4.971498999999999668e+00,1.009524500000000025e+01,-2.508029000000000064e+00,-1.347482000000000069e+00,3.950969999999999760e-01,8.080349999999999255e+00,-9.505508999999999986e+00,4.374371000000000009e+00,-5.330960000000000143e-01,4.492300000000000182e+00,-1.558375000000000066e+00,-7.877889999999999837e+00,-9.298432000000000031e+00,-1.285750700000000002e+01,-1.234915999999999903e+00,-9.912637000000000143e+00,-2.242602999999999902e+00,1.668402199999999880e+01,7.619171999999999834e+00,-5.805200000000000360e-01,7.114326000000000150e+00,8.944141999999999371e+00,-4.250360000000000249e-01,8.729979999999999407e+00,7.773247999999999713e+00,1.420140800000000070e+01,3.880362499999999670e+01,2.070123099999999994e+01,1.605719900000000067e+01,6.388341299999999734e+01,-1.982947700000000069e+01,-1.934799100000000038e+01,-4.953401999999999639e+00,-2.915076499999999982e+01,-1.335224299999999964e+01,1.088843299999999914e+01,1.105507500000000043e+01,-3.307550000000000212e-01,-1.090464399999999934e+01,-3.607298000000000116e+00,2.868249999999999966e-01,-1.155015900000000073e+01,1.207579400000000014e+01,1.543657000000000057e+00,5.695719000000000420e+00,1.621539699999999939e+01,3.228238400000000041e+01,1.859135799999999961e+01,4.063246399999999880e+01,4.579907099999999787e+01,-2.182735999999999787e+00,1.641338199999999858e+01,6.485852999999999646e+00,9.877886000000000166e+00,2.041571999999999942e+00,-1.325278100000000059e+01,6.339500000000000135e+00,3.590057000000000187e+01,1.635475800000000035e+01,1.091019900000000042e+01,1.890396499999999946e+01,1.650216899999999853e+01,4.564860800000000296e+01,1.432242100000000029e+01,1.203414800000000007e+01,9.991294999999999149e+00,-3.015399100000000132e+01,2.157240399999999880e+01,8.673500000000000654e-02,1.934110000000000085e+01,1.422307999999999906e+00,7.974248000000000225e+00,8.480899999999999550e-02,-1.162166999999999994e+01,-1.214638000000000106e+00,1.033974399999999960e+01,6.356455000000000410e+00,1.495423100000000005e+01,8.087956000000000145e+00,-3.300434000000000090e+00,-3.889571999999999807e+00,5.506841999999999793e+00,3.159604200000000063e+01,2.265712999999999866e+00,1.305003999999999920e+01,3.900469900000000223e+01,-1.523069999999999979e-01,1.218366999999999978e+00,5.311695000000000277e+00,4.769140000000000157e+00,9.575399999999999467e-01,-2.423509999999999831e+00,2.761864999999999792e+00,-2.578897600000000168e+01,1.808337600000000123e+01,-2.938031600000000054e+01,-8.736203600000000336e+01,-4.161577000000000304e+00,2.915190700000000135e+01,9.352035000000000764e+00,-1.071128999999999998e+00,8.846451000000000064e+00,6.468380999999999936e+00,-3.189952399999999955e+01
2.487859500000000068e+01,3.505250199999999694e+01,1.510833200000000076e+01,1.250496099999999977e+01,2.114543999999999979e+00,8.073292000000000357e+00,1.392545199999999994e+01,2.053011300000000006e+01,9.731374999999999886e+00,1.202206999999999937e+01,1.079859599999999986e+01,1.564225500000000046e+01,1.084843399999999924e+01,1.839378699999999967e+01,3.914245999999999892e+00,7.619189000000000433e+00,1.041847300000000054e+01,1.884303299999999837e+01,-1.814790000000000014e-01,2.996922400000000053e+01,3.747873999999999928e+00,2.272106799999999893e+01,7.145713999999999899e+00,2.375029999999999919e-01,-5.148647999999999669e+00,-4.689528000000000141e+00,7.208399999999999530e-02,-3.216100000000000070e-01,1.446236799999999967e+01,1.748457499999999953e+01,7.512967999999999869e+00,1.042191599999999951e+01,1.920628299999999911e+01,2.590569899999999848e+01,-2.770080999999999793e+00,5.007895999999999681e+00,1.972195599999999871e+01,2.497913399999999839e+01,4.788672300000000348e+01,2.062360599999999877e+01,2.012748399999999904e+01,7.742450700000000552e+01,3.635988999999999916e+00,1.307045100000000026e+01,1.057477500000000070e+01,-1.124110300000000073e+01,7.451554999999999929e+00,3.117255499999999913e+01,2.656422200000000089e+01,1.663435399999999831e+01,3.705454000000000025e+00,1.147169899999999920e+01,1.854027699999999967e+01,3.736737000000000197e+00,2.730605800000000016e+01,1.731048300000000140e+01,1.615106000000000108e+01,2.754225900000000138e+01,4.389843299999999715e+01,3.785229499999999803e+01,4.989612900000000195e+01,5.085222799999999665e+01,9.422667999999999822e+00,2.813620600000000138e+01,1.770493300000000048e+01,2.106007400000000018e+01,1.575021399999999971e+01,5.092380000000000351e+00,4.553335200000000071e+01,8.908885600000000693e+01,1.809519399999999933e+01,9.717126999999999626e+00,2.480917000000000172e+01,2.696737399999999951e+01,5.605821100000000001e+01,1.550374599999999958e+01,2.586477299999999957e+01,2.965767599999999860e+01,1.615651199999999932e+01,4.977339500000000072e+01,2.075177300000000002e+01,3.688631399999999871e+01,8.002273999999999887e+00,1.614702899999999985e+01,7.262368000000000379e+00,7.026377000000000095e+00,5.285204000000000235e+00,1.713524299999999911e+01,1.158530499999999996e+01,2.447162499999999952e+01,1.529886899999999983e+01,8.986608999999999625e+00,3.088543000000000038e+00,9.137385999999999342e+00,4.317272599999999727e+01,5.303817999999999699e+00,3.496893000000000029e+01,5.296566399999999675e+01,1.622620799999999974e+01,1.424979800000000019e+01,7.794866999999999990e+00,5.312001000000000417e+00,3.449983000000000022e+00,3.375766000000000044e+00,7.198938000000000059e+00,-3.211348199999999764e+01,1.693853199999999859e+01,-3.225489900000000176e+01,-8.014724599999999555e+01,1.490422700000000056e+01,7.118177199999999516e+01,2.773289199999999965e+01,2.410696599999999989e+01,2.364712700000000112e+01,2.427957400000000021e+01,-3.037502999999999886e+01
2.970179699999999912e+01,4.603026799999999952e+01,1.637475399999999937e+01,1.614920299999999997e+01,4.495836999999999861e+00,1.290310999999999986e+01,1.649745199999999912e+01,2.291321399999999997e+01,8.794124000000000052e+00,1.240635699999999986e+01,1.465564499999999981e+01,1.408549599999999913e+01,1.561960299999999968e+01,1.946069400000000016e+01,8.142253000000000185e+00,1.351582200000000000e+01,2.512370299999999901e+01,3.274491400000000141e+01,7.664997999999999756e+00,5.004713000000000278e+01,7.004998999999999754e+00,3.529113999999999862e+01,1.412236599999999953e+01,7.316661999999999999e+00,-1.439106999999999914e+00,1.786605999999999916e+00,2.683940000000000214e+00,7.964728000000000030e+00,2.804700300000000013e+01,1.501786500000000046e+01,6.851251000000000424e+00,1.697434600000000060e+01,2.690428700000000006e+01,4.220308299999999946e+01,-2.470819000000000099e+00,1.707775999999999961e+00,2.584009999999999962e+01,2.751591700000000174e+01,4.383802699999999675e+01,1.630424999999999969e+01,1.180972700000000053e+01,6.775389099999999587e+01,2.268406500000000037e+01,4.153102100000000263e+01,2.434544400000000053e+01,6.578618999999999772e+00,2.313643400000000128e+01,4.206131899999999746e+01,3.672337600000000180e+01,2.814394100000000165e+01,1.672506699999999924e+01,2.333876199999999912e+01,2.846751799999999832e+01,1.494045999999999985e+01,3.423151200000000216e+01,2.742440699999999865e+01,2.388889500000000155e+01,3.529427100000000195e+01,5.089348799999999784e+01,5.087061599999999828e+01,5.374008100000000354e+01,4.709473299999999796e+01,2.298135600000000167e+01,3.719017500000000354e+01,2.637347400000000164e+01,2.624158999999999864e+01,2.436606099999999842e+01,2.080847599999999886e+01,7.115062399999999343e+01,1.216055340000000058e+02,1.319436100000000067e+01,5.704124000000000194e+00,2.491806499999999858e+01,3.069684900000000027e+01,4.735308899999999710e+01,1.516503999999999941e+01,3.619318400000000224e+01,4.644137599999999821e+01,6.724850100000000452e+01,6.681971799999999462e+01,4.128896300000000252e+01,5.000198199999999815e+01,1.253348199999999935e+01,1.597287099999999960e+01,1.379919100000000043e+01,2.004120100000000093e+01,8.421350999999999587e+00,1.915582099999999954e+01,1.501400199999999963e+01,2.758250900000000172e+01,1.780279300000000120e+01,1.685517899999999969e+01,6.617286000000000001e+00,1.034656999999999982e+01,4.656019200000000069e+01,8.754386000000000223e+00,4.520272599999999841e+01,4.889617599999999698e+01,2.958819899999999947e+01,2.243672799999999867e+01,6.313203999999999816e+00,5.537965999999999944e+00,3.726696000000000009e+00,7.598671999999999649e+00,8.911255000000000592e+00,-2.478767500000000013e+01,1.363132899999999914e+01,-2.428821800000000053e+01,-3.581181800000000237e+01,2.998009599999999963e+01,8.737149499999999591e+01,4.381518299999999755e+01,4.105271199999999965e+01,3.036797599999999875e+01,3.415029299999999779e+01,-1.043252000000000024e+01
2.709787800000000146e+01,4.374019700000000199e+01,1.264506699999999917e+01,1.300102799999999981e+01,5.248447999999999780e+00,1.159831299999999921e+01,1.540423700000000018e+01,1.848461899999999858e+01,5.860498999999999903e+00,6.767517999999999923e+00,1.653835799999999878e+01,6.443514000000000408e+00,1.724236099999999894e+01,1.233968199999999982e+01,8.605919999999999348e+00,1.383824800000000010e+01,3.218786300000000011e+01,3.771083000000000141e+01,1.026079400000000064e+01,5.288383300000000276e+01,6.946331999999999951e+00,3.184125699999999881e+01,1.503826399999999985e+01,9.478241000000000582e+00,-7.928290000000000060e-01,1.269403000000000059e+00,4.427195000000000213e+00,8.692142999999999731e+00,3.127663300000000035e+01,8.759337999999999624e+00,5.402785999999999866e+00,1.558359300000000047e+01,2.599177099999999996e+01,4.872278599999999926e+01,1.099217000000000111e+00,1.386689999999999978e+00,2.093850099999999870e+01,1.954486999999999952e+01,2.960162700000000058e+01,9.771967000000000070e+00,-3.274272999999999989e+00,3.496417100000000033e+01,2.901497000000000170e+01,5.183834300000000184e+01,2.946713400000000149e+01,1.375455400000000061e+01,2.636172200000000032e+01,3.908905200000000235e+01,3.599849100000000135e+01,2.761077699999999879e+01,2.086580700000000022e+01,2.527884600000000148e+01,2.530248500000000078e+01,1.526895500000000006e+01,2.990716400000000164e+01,2.566108200000000039e+01,2.340436400000000106e+01,3.278430300000000130e+01,5.013132300000000185e+01,5.097860599999999920e+01,4.855081799999999959e+01,3.504221299999999673e+01,2.851102600000000109e+01,3.655002000000000351e+01,2.905105299999999957e+01,2.292598600000000175e+01,2.407440000000000069e+01,2.671045399999999859e+01,7.278609699999999805e+01,1.173568829999999963e+02,2.615984000000000087e+00,-1.783700000000000008e-01,1.721725899999999854e+01,2.232202500000000001e+01,1.880324399999999940e+01,1.262772000000000006e+01,3.519960300000000331e+01,4.862303399999999698e+01,9.133372699999999611e+01,6.082850400000000235e+01,4.757626199999999983e+01,4.850156799999999890e+01,1.234492000000000012e+01,7.791028999999999982e+00,1.604894000000000176e+01,2.014020800000000122e+01,7.475816000000000017e+00,1.543575099999999978e+01,1.513262300000000060e+01,2.248035700000000148e+01,1.485734700000000075e+01,1.714960599999999857e+01,4.455938999999999872e+00,9.212618000000000862e+00,3.925691799999999887e+01,1.059454999999999991e+01,4.018912000000000262e+01,3.172180200000000028e+01,3.158350300000000033e+01,2.166621299999999906e+01,2.652941000000000216e+00,6.044272000000000311e+00,2.843297000000000185e+00,8.977247000000000199e+00,9.146577000000000623e+00,-4.353322999999999610e+00,1.024102500000000049e+01,-9.194352999999999554e+00,2.161118099999999842e+01,3.347468400000000344e+01,7.629340100000000291e+01,4.800664499999999890e+01,3.771914000000000300e+01,2.607897099999999924e+01,3.071956600000000037e+01,1.837259399999999943e+01
1.710255000000000081e+01,2.634036800000000156e+01,5.868331999999999660e+00,4.262412000000000312e+00,4.462890999999999941e+00,4.162575999999999610e+00,1.098496500000000076e+01,9.599527999999999395e+00,2.362964999999999982e+00,-2.749213000000000129e+00,1.486571299999999951e+01,-3.548096999999999834e+00,1.491282999999999959e+01,1.186040000000000011e-01,6.156200000000000117e+00,8.767353999999999203e+00,2.416534700000000058e+01,2.658433799999999891e+01,6.858783999999999992e+00,3.597535500000000042e+01,3.536852000000000107e+00,1.138336600000000054e+01,9.341687000000000296e+00,5.641979000000000077e+00,-3.365053000000000072e+00,-6.351351000000000191e+00,3.622046000000000099e+00,8.458899999999999753e-02,2.191232700000000122e+01,-1.793130000000000002e-01,3.041131000000000029e+00,6.619921999999999862e+00,1.625826299999999947e+01,4.125291200000000202e+01,6.746395999999999837e+00,4.697853000000000279e+00,5.987930000000000419e+00,3.601268000000000136e+00,1.188603299999999940e+01,2.399061000000000110e+00,-1.618676100000000062e+01,-9.987026000000000181e+00,2.092075900000000033e+01,3.997856800000000277e+01,2.292816399999999888e+01,7.236404000000000281e+00,1.608281699999999859e+01,2.343879499999999894e+01,2.417825300000000155e+01,1.445413300000000056e+01,1.395195200000000035e+01,1.596880099999999914e+01,1.143111400000000089e+01,4.509909999999999641e+00,1.683546199999999970e+01,1.199997800000000048e+01,1.382869099999999918e+01,1.864159799999999834e+01,4.116570800000000219e+01,3.627360000000000184e+01,3.396470500000000214e+01,1.828099800000000030e+01,2.012854000000000099e+01,2.333603300000000047e+01,2.533245399999999847e+01,1.367551199999999945e+01,1.546653599999999962e+01,2.181614199999999926e+01,5.156639100000000298e+01,7.787898500000000013e+01,-9.357205999999999690e+00,-6.066249000000000002e+00,3.093030999999999864e+00,3.676349000000000089e+00,-1.792074500000000015e+01,7.787649000000000044e+00,2.098007499999999936e+01,3.188330799999999954e+01,7.051429500000000417e+01,3.168224199999999868e+01,3.301047700000000162e+01,2.895630500000000040e+01,7.162506999999999735e+00,-4.520684000000000147e+00,1.271866900000000022e+01,7.780194999999999972e+00,3.415970999999999869e+00,7.186640999999999835e+00,1.181614599999999982e+01,1.111127699999999940e+01,8.142127000000000336e+00,1.084642999999999979e+01,-2.100138999999999978e+00,6.658871000000000429e+00,2.221131400000000156e+01,9.238326000000000704e+00,2.255664600000000064e+01,1.089738599999999913e+01,1.926827099999999859e+01,1.182476499999999930e+01,-2.797149999999999914e-01,6.993676999999999921e+00,2.187663000000000135e+00,7.379166999999999810e+00,9.039583000000000368e+00,2.044034200000000112e+01,7.577751000000000126e+00,6.668078000000000394e+00,6.110319700000000154e+01,2.419307799999999986e+01,4.713704100000000352e+01,3.615210299999999677e+01,1.448324500000000015e+01,1.355903499999999973e+01,1.524708900000000078e+01,3.889315899999999715e+01
3.425459000000000032e+00,2.150469999999999882e-01,-5.619100000000000206e-01,-5.650903999999999705e+00,3.189283000000000090e+00,-5.435196000000000360e+00,5.107063000000000130e+00,7.078290000000000415e-01,1.063469999999999971e-01,-1.157085799999999942e+01,1.012887399999999971e+01,-1.095706799999999959e+01,9.693301999999999197e+00,-1.166895500000000041e+01,3.667133000000000198e+00,1.134247000000000005e+00,3.556779999999999831e+00,2.605322999999999833e+00,1.594440000000000024e-01,7.651717999999999797e+00,-8.421229999999999549e-01,-1.626377199999999945e+01,1.140033000000000074e+00,-1.469578000000000051e+00,-6.525419000000000302e+00,-1.563640200000000036e+01,5.952840000000000353e-01,-1.305458800000000075e+01,4.180940999999999796e+00,-9.171195000000000874e+00,5.161219999999999697e-01,-5.565517999999999965e+00,1.846500000000000030e+00,2.296526899999999927e+01,1.205564799999999970e+01,1.013224400000000003e+01,-1.251852300000000007e+01,-1.399621299999999913e+01,-2.437152000000000207e+00,-5.043124999999999858e+00,-2.074322799999999845e+01,-4.954062400000000110e+01,3.879793999999999965e+00,1.387283000000000044e+01,7.285765999999999742e+00,-7.210475999999999885e+00,-2.094857999999999887e+00,1.484326999999999952e+00,6.526038999999999923e+00,-5.711528999999999634e+00,2.821069999999999967e-01,1.017580000000000012e-01,-5.435878999999999905e+00,-1.088183300000000031e+01,1.368371999999999922e+00,-7.060448000000000057e+00,-3.913070000000000159e-01,-1.793104000000000031e+00,2.645829600000000070e+01,1.107487300000000019e+01,1.386251299999999986e+01,1.938020000000000076e+00,3.415920000000000067e-01,1.375591999999999926e+00,1.797685500000000047e+01,4.190553000000000416e+00,3.069802999999999837e+00,1.142405600000000021e+01,1.855150000000000077e+01,2.095788100000000043e+01,-1.748003500000000088e+01,-1.004641999999999946e+01,-1.287880200000000031e+01,-1.688153900000000007e+01,-4.554623300000000086e+01,1.858729999999999993e+00,-9.070369999999999822e-01,2.512350000000000083e+00,1.315401899999999991e+01,-7.996355999999999575e+00,3.321511000000000102e+00,-2.354894999999999960e+00,-4.433630000000000071e-01,-1.527959199999999917e+01,5.706218999999999930e+00,-9.198918000000000816e+00,-1.685179999999999900e+00,-2.336854999999999905e+00,6.529385999999999690e+00,-1.622694000000000081e+00,7.010100000000000220e-01,2.225190000000000001e+00,-9.148037999999999670e+00,3.934397999999999840e+00,1.002249999999999946e-01,4.573356999999999672e+00,-4.140969999999999929e-01,-5.143703999999999610e+00,-2.698024000000000200e+00,-3.011692000000000036e+00,-5.578180000000000360e-01,7.927450999999999581e+00,2.356435999999999975e+00,3.802677000000000085e+00,8.400166999999999717e+00,3.706684099999999660e+01,4.913141999999999676e+00,1.714920199999999895e+01,6.398249200000000059e+01,7.268660999999999817e+00,1.391496500000000047e+01,1.194218599999999952e+01,-1.592396399999999979e+01,-1.386259999999999992e-01,-4.540459000000000245e+00,3.677817600000000198e+01
-8.320282999999999873e+00,-2.314647700000000086e+01,-3.585106999999999822e+00,-1.152759700000000009e+01,2.689938000000000162e+00,-1.163299699999999959e+01,3.570769999999999778e-01,-4.112629000000000090e+00,4.354620000000000157e-01,-1.521967500000000051e+01,5.254879999999999995e+00,-1.233306100000000072e+01,4.119894999999999641e+00,-1.796304999999999907e+01,4.300163000000000402e+00,-5.089356999999999687e+00,-1.907146099999999933e+01,-2.235632299999999972e+01,-5.390741000000000227e+00,-1.796811200000000142e+01,-2.963560999999999890e+00,-3.619809999999999661e+01,-3.112906000000000173e+00,-6.402199999999999669e+00,-6.554514000000000173e+00,-1.903533099999999934e+01,-2.346789999999999932e+00,-2.179073199999999844e+01,-1.346923299999999912e+01,-1.525116000000000049e+01,-3.696169999999999733e-01,-1.446555099999999960e+01,-1.097295599999999993e+01,2.475563999999999876e+00,1.475959100000000035e+01,1.529136100000000020e+01,-2.646129300000000129e+01,-2.622909100000000038e+01,-9.417396999999999352e+00,-1.167319200000000023e+01,-1.703541699999999892e+01,-6.765555500000000677e+01,-1.303050299999999950e+01,-1.227619499999999952e+01,-1.069805599999999934e+01,-1.949840700000000027e+01,-1.941253800000000140e+01,-1.828046199999999999e+01,-9.164452999999999960e+00,-2.435975200000000029e+01,-1.205593600000000087e+01,-1.461764299999999928e+01,-1.710800000000000054e+01,-2.213732500000000059e+01,-9.889466000000000534e+00,-2.236242999999999981e+01,-1.216382699999999950e+01,-1.932636099999999857e+01,1.031930299999999967e+01,-1.572973799999999933e+01,-5.112551999999999985e+00,-9.544352999999999199e+00,-2.111509500000000017e+01,-2.030202399999999940e+01,1.145916399999999946e+01,-3.620970000000000022e-01,-7.252332000000000001e+00,3.421022999999999925e+00,-1.207987999999999928e+01,-2.955784200000000084e+01,-1.855260300000000129e+01,-1.098855700000000013e+01,-2.503105899999999906e+01,-2.950392599999999987e+01,-5.186184399999999783e+01,-2.901943000000000161e+00,-2.058069599999999966e+01,-2.614432899999999904e+01,-5.087576299999999918e+01,-4.015995300000000157e+01,-2.667779300000000120e+01,-3.245754900000000021e+01,-6.402133000000000074e+00,-1.957219900000000123e+01,-1.016459000000000001e+00,-2.059028100000000094e+01,-5.584221999999999575e+00,-9.061358000000000246e+00,1.692739999999999911e+00,-1.035428699999999935e+01,-4.628352999999999717e+00,-3.660731000000000179e+00,-1.256212400000000073e+01,2.215072999999999848e+00,-2.034013300000000157e+01,-1.910104000000000024e+00,-2.032492299999999830e+01,-1.302069999999999972e+01,-2.445088399999999851e+01,-1.658142099999999886e+01,1.556516000000000011e+00,8.050442999999999572e+00,2.856926000000000077e+00,-1.153909999999999936e-01,5.958709999999999951e+00,3.688728400000000107e+01,1.120586000000000082e+00,1.899953800000000115e+01,3.437242100000000278e+01,-9.557456999999999425e+00,-1.140555999999999948e+01,-1.507347700000000046e+01,-3.665374800000000022e+01,-7.767375999999999614e+00,-1.879041099999999886e+01,1.006160000000000032e+01
-1.354024700000000081e+01,-3.358091799999999694e+01,-2.039503999999999984e+00,-1.034732100000000088e+01,3.612477000000000160e+00,-1.083273299999999928e+01,-1.229344999999999910e+00,-3.318224999999999980e+00,3.605869999999999909e+00,-1.195443299999999986e+01,4.074372000000000327e+00,-7.339461000000000013e+00,8.747620000000000395e-01,-1.669769700000000157e+01,9.425098000000000198e+00,-6.992010999999999754e+00,-3.239410900000000026e+01,-3.566282000000000352e+01,-6.308735999999999677e+00,-2.933114499999999936e+01,-1.064464999999999995e+00,-3.772902599999999751e+01,1.147305999999999937e+00,-3.908361999999999892e+00,-1.330508999999999942e+00,-1.197310000000000052e+01,-2.582066000000000194e+00,-1.872090199999999882e+01,-2.310392699999999877e+01,-1.668374499999999827e+01,2.326438000000000006e+00,-1.459225700000000003e+01,-1.724929200000000051e+01,-1.123905799999999999e+01,1.399995599999999918e+01,1.848978200000000172e+01,-3.065862800000000021e+01,-2.889152899999999846e+01,-9.159584999999999866e+00,-1.611203899999999933e+01,-1.025566000000000066e+01,-5.791792300000000182e+01,-2.247304400000000157e+01,-2.695423900000000117e+01,-2.354857700000000165e+01,-2.208233099999999993e+01,-2.896181899999999843e+01,-2.935323899999999853e+01,-1.680635300000000143e+01,-3.455820700000000301e+01,-1.617156299999999902e+01,-2.197952499999999887e+01,-1.955322999999999922e+01,-2.386983299999999986e+01,-1.350145599999999924e+01,-2.758974100000000007e+01,-1.601815900000000070e+01,-2.631784100000000137e+01,-2.913132000000000055e+00,-3.473461100000000101e+01,-1.687355200000000011e+01,-1.422661399999999965e+01,-3.328078699999999657e+01,-3.235340000000000060e+01,9.566869000000000511e+00,1.585172999999999943e+00,-1.142315400000000025e+01,3.227993000000000112e+00,-3.047014400000000123e+01,-5.621128099999999961e+01,-1.313527900000000059e+01,-8.921844000000000108e+00,-2.942353200000000157e+01,-2.886596300000000070e+01,-3.693344499999999897e+01,-4.531655999999999906e+00,-2.961396999999999835e+01,-4.167917599999999823e+01,-8.914807600000000321e+01,-5.222413699999999892e+01,-4.237399200000000121e+01,-4.900872799999999785e+01,-7.553628999999999927e+00,-1.555054999999999943e+01,-3.823738000000000081e+00,-2.017646099999999976e+01,-6.726919999999999789e+00,-1.002976300000000087e+01,-5.673300000000000010e-01,-1.205409200000000070e+01,-6.429344999999999644e+00,-3.673992000000000147e+00,-1.033300200000000046e+01,2.362824999999999953e+00,-3.330074100000000215e+01,-7.957127999999999979e+00,-3.135970299999999966e+01,-1.483808499999999952e+01,-3.655272000000000077e+01,-2.358553500000000014e+01,4.084077999999999875e+00,6.828462000000000032e+00,2.763361000000000178e+00,-2.827177999999999969e+00,8.808319999999999483e-01,2.109479400000000027e+01,-3.819685999999999915e+00,1.322678600000000060e+01,-5.319004999999999761e+00,-2.054028500000000079e+01,-2.351299699999999859e+01,-3.465871800000000036e+01,-3.740712099999999651e+01,-6.147235000000000227e+00,-2.147560299999999955e+01,-2.858781300000000059e+01
-1.101280900000000074e+01,-2.799627200000000116e+01,2.845683999999999880e+00,-2.935827000000000186e+00,5.618087000000000053e+00,-3.722805999999999838e+00,7.783290000000000486e-01,1.563431000000000015e+00,8.640064000000000632e+00,-3.771904000000000146e+00,8.721764999999999546e+00,1.527366999999999919e+00,1.265282000000000018e+00,-9.454319999999999169e+00,1.756586499999999873e+01,-4.268798000000000314e+00,-3.174061000000000021e+01,-3.229453099999999921e+01,-2.061151999999999873e+00,-2.374662500000000165e+01,3.740581000000000156e+00,-2.108086399999999827e+01,1.326283199999999951e+01,7.805559999999999832e+00,7.863681999999999839e+00,3.861686999999999870e+00,7.523229999999999640e-01,-3.018831000000000042e+00,-2.169106000000000023e+01,-1.387270600000000087e+01,9.121494999999999465e+00,-4.502252000000000365e+00,-1.587756599999999985e+01,-1.378071399999999969e+01,1.068567799999999934e+01,1.945864399999999961e+01,-2.524521400000000071e+01,-2.251425499999999857e+01,-4.786055000000000170e+00,-1.693077299999999852e+01,-6.126208000000000098e+00,-2.715682800000000086e+01,-2.249036299999999855e+01,-2.750584999999999880e+01,-2.656664400000000015e+01,-1.427105800000000002e+01,-2.896198300000000003e+01,-3.004781900000000050e+01,-1.496480900000000069e+01,-3.390820200000000284e+01,-1.038183599999999984e+01,-2.031721800000000044e+01,-1.443792299999999962e+01,-1.709797999999999973e+01,-1.046472900000000017e+01,-2.267246099999999842e+01,-1.118136499999999955e+01,-2.114045499999999933e+01,-1.052507100000000051e+01,-4.029719899999999910e+01,-1.907113899999999873e+01,-1.310659199999999913e+01,-3.085045600000000121e+01,-3.038797999999999888e+01,1.333887600000000084e+01,7.469757000000000424e+00,-8.969220999999999222e+00,1.068330100000000016e+01,-3.476117500000000149e+01,-5.540054899999999805e+01,-4.902385999999999910e+00,-4.826978000000000435e+00,-2.569975799999999921e+01,-1.709039399999999986e+01,-1.198284999999999911e+01,-2.836183000000000121e+00,-2.567106199999999916e+01,-3.972652599999999978e+01,-8.694742399999999805e+01,-4.422625899999999888e+01,-3.840100199999999830e+01,-4.729086800000000324e+01,-3.575457000000000107e+00,-5.285004999999999953e+00,-1.593463999999999992e+00,-9.223838999999999899e+00,-4.709010000000000140e+00,-4.990967000000000375e+00,4.155949999999999922e-01,-7.458394000000000190e+00,-4.986210999999999949e+00,2.037992000000000026e+00,-3.496462999999999877e+00,4.698463000000000278e+00,-3.646914600000000206e+01,-1.171717300000000073e+01,-3.230447900000000061e+01,-1.527555599999999991e+01,-3.525783299999999798e+01,-2.222037500000000065e+01,5.001928999999999625e+00,4.490878000000000370e+00,1.705893000000000104e+00,-3.481203999999999965e+00,-5.750676999999999595e+00,6.117129999999999512e-01,-8.286481000000000208e+00,4.448248999999999675e+00,-2.969536499999999890e+01,-2.434172900000000084e+01,-2.441513700000000142e+01,-4.108350899999999939e+01,-2.023570099999999883e+01,2.125004999999999811e+00,-1.397909600000000019e+01,-5.891217100000000073e+01
-3.266359000000000012e+00,-1.176612800000000014e+01,8.288631000000000526e+00,6.800266999999999840e+00,7.697206999999999688e+00,5.292432999999999943e+00,5.015776999999999930e+00,7.335613000000000383e+00,1.376498699999999964e+01,4.981450999999999851e+00,1.781728100000000126e+01,1.075297800000000059e+01,4.487781000000000020e+00,1.349999999999999985e-02,2.518458400000000097e+01,9.056669999999999998e-01,-2.142218799999999845e+01,-1.780644699999999858e+01,4.859390999999999572e+00,-7.850632000000000055e+00,8.078675999999999746e+00,3.009838999999999931e+00,2.736343099999999851e+01,2.561882500000000107e+01,1.680949999999999989e+01,2.138793899999999937e+01,5.910915000000000141e+00,1.873737200000000058e+01,-1.244476599999999955e+01,-8.960553000000000878e+00,1.805454699999999946e+01,1.207453399999999988e+01,-9.695391000000000759e+00,-7.058601000000000347e+00,6.778014999999999901e+00,1.887967000000000084e+01,-1.463054699999999997e+01,-1.156437000000000026e+01,-1.286559999999999926e-01,-1.356808999999999976e+01,-6.506587999999999816e+00,7.949427000000000021e+00,-1.636207900000000137e+01,-1.974600900000000081e+01,-1.943953499999999934e+01,-1.256399999999999961e+00,-2.246012699999999995e+01,-2.343058699999999916e+01,-6.836800000000000210e+00,-2.449555300000000102e+01,1.301291999999999893e+00,-1.239621400000000051e+01,-6.943880000000000052e+00,-7.632518000000000136e+00,-4.775182000000000038e+00,-1.287594499999999975e+01,-1.559571999999999958e+00,-8.778135000000000687e+00,-1.210438399999999959e+01,-3.270897500000000235e+01,-1.409216400000000036e+01,-8.947492999999999697e+00,-1.731721599999999839e+01,-1.726396899999999945e+01,2.060054500000000033e+01,1.280777499999999947e+01,-2.619212000000000096e+00,2.082374000000000080e+01,-2.961919500000000127e+01,-3.638961799999999869e+01,1.837410999999999905e+00,-4.856800000000000006e-02,-1.689507700000000057e+01,-1.730213000000000001e+00,8.988359000000000876e+00,2.302009999999999890e-01,-1.313593999999999973e+01,-2.558311199999999985e+01,-5.505561800000000261e+01,-2.749751399999999890e+01,-2.132606499999999983e+01,-3.232457699999999789e+01,2.893078000000000038e+00,6.408478999999999814e+00,3.820701999999999821e+00,5.070081000000000060e+00,-2.362690000000000068e-01,3.446145000000000014e+00,3.528471000000000135e+00,-2.415249999999999897e-01,-1.648956000000000088e+00,1.056747200000000042e+01,4.755925000000000402e+00,8.743695000000000661e+00,-3.154685399999999973e+01,-1.244285600000000080e+01,-2.604506200000000149e+01,-1.757733500000000149e+01,-2.403116899999999845e+01,-1.467459500000000006e+01,3.780145000000000088e+00,2.047460000000000058e+00,3.479149999999999743e-01,-2.146278000000000130e+00,-1.087419399999999925e+01,-1.050544700000000020e+01,-9.974864999999999426e+00,-1.518659999999999899e+00,-2.559340100000000007e+01,-2.305182500000000090e+01,-2.056117700000000070e+01,-3.527300699999999978e+01,3.160273000000000110e+00,1.065371000000000024e+01,-3.792197999999999958e+00,-6.511324799999999868e+01
5.181439000000000128e+00,5.066981000000000179e+00,1.161231000000000080e+01,1.452176399999999923e+01,8.942840000000000344e+00,1.119257499999999972e+01,9.169931000000000054e+00,1.148188400000000087e+01,1.726226199999999977e+01,1.049102099999999993e+01,2.691846800000000073e+01,1.783428899999999828e+01,8.210212000000000288e+00,8.273747999999999436e+00,2.889508899999999869e+01,5.590028000000000219e+00,-1.065907499999999963e+01,-3.868587000000000220e+00,1.066140500000000024e+01,7.535275999999999641e+00,8.709932999999999481e+00,2.049485599999999863e+01,3.593485299999999683e+01,4.299504499999999751e+01,2.094073300000000160e+01,3.268088500000000352e+01,9.676481000000000776e+00,3.662919999999999732e+01,-2.335577999999999932e+00,-4.388859000000000066e+00,2.516930599999999885e+01,2.791724299999999914e+01,-3.265267999999999837e+00,2.994008000000000003e+00,4.045246999999999815e+00,1.749911300000000125e+01,-4.128579000000000221e+00,-1.471452999999999900e+00,2.447594000000000047e+00,-6.868491999999999820e+00,-8.320510999999999768e+00,2.990564099999999925e+01,-9.319883000000000806e+00,-1.213926700000000025e+01,-5.511116999999999599e+00,1.074409299999999945e+01,-1.420230300000000057e+01,-1.461808300000000038e+01,2.418905999999999779e+00,-1.058042000000000016e+01,1.228341400000000050e+01,-2.761455000000000215e+00,-1.783566999999999902e+00,-1.332009999999999916e+00,-4.715509999999999979e-01,-4.501560999999999702e+00,7.132944000000000173e+00,2.755078999999999834e+00,-9.062417999999999196e+00,-1.719492299999999929e+01,-7.183126999999999818e+00,-4.273863999999999663e+00,-2.281201999999999952e+00,-9.807240000000000402e-01,2.743653799999999876e+01,1.447323800000000027e+01,3.798807000000000045e+00,2.780949999999999989e+01,-2.166976199999999864e+01,-1.384779400000000038e+01,4.727483999999999575e+00,4.294921999999999684e+00,-7.422358000000000011e+00,9.542115000000000791e+00,1.857762999999999920e+01,1.798674000000000106e+00,3.017569999999999975e-01,-9.660723000000000837e+00,-2.015280299999999869e+01,-1.601009600000000077e+01,-4.324152999999999913e+00,-1.481673499999999954e+01,8.045457999999999998e+00,1.466284399999999977e+01,9.059829999999999828e+00,1.485472999999999999e+01,5.292260999999999882e+00,1.135647499999999965e+01,6.671915000000000262e+00,5.492585000000000051e+00,2.165106000000000197e+00,1.810155800000000070e+01,1.106973900000000022e+01,1.313099500000000042e+01,-2.245643899999999960e+01,-1.037472799999999928e+01,-1.715599100000000021e+01,-2.115549999999999997e+01,-1.052363000000000071e+01,-5.409257000000000204e+00,1.630949999999999900e+00,7.328519999999999479e-01,-4.663400000000000184e-02,3.865210000000000035e-01,-1.113595199999999963e+01,-4.026461000000000290e+00,-7.617916000000000132e+00,-6.459359999999999546e-01,2.325380000000000003e+00,-1.920249099999999842e+01,-1.838812100000000171e+01,-2.294254700000000113e+01,2.015461099999999917e+01,1.359951700000000052e+01,7.994419999999999860e-01,-4.504688300000000112e+01
1.051552299999999995e+01,1.418862099999999948e+01,1.172725999999999935e+01,1.814097100000000040e+01,9.233136999999999261e+00,1.176526899999999998e+01,1.136468900000000026e+01,1.376981299999999919e+01,1.831963100000000111e+01,1.184925899999999999e+01,3.113189799999999963e+01,2.218663300000000049e+01,1.012301099999999998e+01,1.401038600000000045e+01,2.763324700000000078e+01,8.151106000000000407e+00,-6.489761999999999809e+00,2.076199999999999990e-01,1.254415900000000050e+01,1.433148300000000042e+01,5.080996999999999986e+00,2.305444400000000016e+01,3.462044999999999817e+01,5.366105000000000302e+01,1.834066800000000086e+01,3.408919499999999658e+01,9.708812999999999249e+00,4.352753500000000031e+01,2.549850000000000172e+00,-1.441149999999999931e+00,2.653921800000000175e+01,3.610652900000000187e+01,5.815800000000000136e-02,1.078920600000000007e+01,3.127038000000000206e+00,1.576683399999999935e+01,3.238701999999999970e+00,4.571051999999999893e+00,2.963648000000000060e+00,1.293155999999999972e+00,-6.309616000000000113e+00,3.009085200000000171e+01,-4.830454999999999721e+00,-9.413052999999999670e+00,1.029050900000000013e+01,1.901549100000000081e+01,-7.295315000000000438e+00,-7.410707000000000377e+00,8.989302999999999599e+00,3.922703999999999969e+00,1.773755099999999985e+01,5.208470000000000155e+00,-3.546429999999999860e-01,2.591699999999999907e-02,7.885560000000000347e-01,-5.380239999999999467e-01,1.096779300000000035e+01,7.663333999999999868e+00,-3.533491000000000160e+00,-6.014930000000000554e-01,-2.918344999999999967e+00,1.157350000000000045e-01,5.178804000000000407e+00,1.037665900000000008e+01,3.067128800000000055e+01,1.266733200000000004e+01,7.652351000000000347e+00,2.904901800000000023e+01,-1.542700600000000044e+01,6.450919999999999987e-01,4.359917000000000264e+00,7.603958999999999691e+00,-5.917569999999999775e-01,1.364982999999999969e+01,1.957881000000000071e+01,2.012799999999999867e-01,8.460658999999999708e+00,-3.227610000000000201e-01,-5.247952999999999868e+00,-1.663665200000000155e+01,2.182167000000000190e+00,-3.861955000000000027e+00,9.388137000000000398e+00,1.727669799999999967e+01,1.156426800000000021e+01,1.679871400000000037e+01,1.032581399999999938e+01,1.581442200000000042e+01,8.161989999999999412e+00,7.707057999999999964e+00,5.646696000000000382e+00,2.188867099999999866e+01,1.372547999999999924e+01,1.595977300000000021e+01,-1.263719299999999990e+01,-6.140844999999999665e+00,-9.225968999999999198e+00,-2.228272000000000119e+01,-1.313358999999999943e+00,1.599293999999999993e+00,3.713060000000000249e-01,1.200889000000000095e+00,1.387088000000000099e+00,3.048446000000000211e+00,-5.245015000000000427e+00,1.716766099999999895e+01,-2.092553000000000107e+00,7.316167000000000087e+00,3.762225300000000061e+01,-1.348339700000000008e+01,-2.073731300000000033e+01,-1.038793100000000003e+01,2.538889400000000052e+01,9.469901000000000124e+00,-3.700183000000000000e+00,-1.052032699999999998e+01
1.149273900000000026e+01,1.375206400000000073e+01,9.555498000000000047e+00,1.867828000000000088e+01,9.324163000000000423e+00,8.878329000000000804e+00,1.119200599999999923e+01,1.590384899999999924e+01,1.740518900000000002e+01,1.123573400000000078e+01,2.812494099999999975e+01,2.448820399999999964e+01,9.398573999999999984e+00,1.798389799999999994e+01,2.323498999999999981e+01,9.181224999999999525e+00,-9.062286999999999537e+00,-6.266786999999999885e+00,1.008226799999999912e+01,1.131259200000000043e+01,1.422130000000000061e-01,1.283201099999999961e+01,2.494726999999999961e+01,5.506971599999999967e+01,1.104844800000000049e+01,2.833275400000000133e+01,6.331763999999999726e+00,3.900945699999999761e+01,7.314990000000000103e-01,2.216950000000000032e-01,2.066072700000000140e+01,3.380551200000000023e+01,-1.590350000000000097e-01,1.436659299999999995e+01,3.455226999999999826e+00,1.422611599999999932e+01,7.682580999999999882e+00,6.963081999999999994e+00,3.179943999999999882e+00,9.038180999999999798e+00,2.683596000000000092e+00,1.328589099999999945e+01,-3.107180000000000053e+00,-1.035051799999999922e+01,2.338044400000000067e+01,2.498304500000000061e+01,-2.069188000000000027e+00,-2.573439000000000032e+00,1.210305400000000020e+01,1.649118400000000051e+01,1.715782799999999853e+01,1.048309199999999919e+01,-8.293850000000000389e-01,-8.089030000000000387e-01,1.098449999999999982e-01,5.541840000000000099e-01,9.684207000000000676e+00,5.710588999999999693e+00,2.521682000000000201e+00,1.206628800000000012e+01,-2.377139999999999809e+00,5.097348000000000212e+00,2.495108000000000104e+00,1.330716699999999975e+01,2.969442099999999840e+01,1.019898099999999985e+01,8.546665000000000845e+00,2.652003900000000058e+01,-1.212166200000000060e+01,3.146237999999999868e+00,3.189375000000000071e+00,9.738759999999999195e+00,2.800605000000000011e+00,1.299071900000000035e+01,2.053634699999999924e+01,-3.581685999999999925e+00,9.610020000000000451e+00,8.152939999999999632e-01,-1.437272800000000039e+01,-2.514948400000000106e+01,-2.780561000000000060e+00,-1.478056999999999954e+00,7.183523000000000103e+00,1.577830100000000080e+01,1.104226599999999969e+01,1.358650599999999997e+01,1.359707900000000080e+01,1.641958199999999835e+01,7.761428999999999689e+00,7.258891000000000204e+00,8.587789000000000783e+00,2.124631499999999917e+01,1.320957399999999993e+01,1.562697700000000012e+01,-3.452320999999999973e+00,-3.233119999999999883e-01,-3.521777999999999853e+00,-1.724295599999999951e+01,1.884508000000000072e+00,4.883157999999999888e+00,8.800630000000000397e-01,3.016373999999999889e+00,4.344089000000000311e+00,4.930102999999999902e+00,4.736657000000000117e+00,4.115814699999999959e+01,3.996572000000000013e+00,1.892817499999999953e+01,6.387403299999999717e+01,-5.003555999999999671e+00,-2.590943000000000040e+01,-9.607290000000000552e-01,2.274686399999999864e+01,1.775309000000000026e+00,-1.405911099999999969e+01,2.122471799999999931e+01
9.398585999999999885e+00,8.463955999999999591e+00,7.172420999999999935e+00,1.877383499999999827e+01,1.025571099999999980e+01,6.688748000000000360e+00,9.697373999999999938e+00,1.946338799999999836e+01,1.590058199999999999e+01,1.179315500000000050e+01,1.939268799999999970e+01,2.519028899999999993e+01,7.026358000000000104e+00,2.139589900000000000e+01,1.895354400000000084e+01,1.058441200000000038e+01,-1.262386799999999987e+01,-1.572087199999999996e+01,4.997872000000000092e+00,3.183259000000000061e+00,-1.377388000000000057e+00,-1.543160000000000087e-01,1.305714799999999975e+01,4.927652599999999694e+01,3.701931999999999778e+00,2.210555199999999942e+01,2.336653999999999787e+00,2.849226200000000020e+01,-4.252467000000000219e+00,1.804453000000000085e+00,9.610948999999999742e+00,2.372447199999999867e+01,-1.880770999999999971e+00,1.548021600000000042e+01,3.948412999999999951e+00,1.398496199999999945e+01,1.109026000000000067e+01,8.457483999999999114e+00,4.973272999999999833e+00,1.533944499999999955e+01,1.715332700000000088e+01,-5.893998999999999988e+00,-2.495251000000000108e+00,-1.080558300000000038e+01,3.047316299999999956e+01,3.090803400000000067e+01,2.471098000000000017e+00,1.273601999999999901e+00,1.321590400000000010e+01,2.545513899999999907e+01,1.359981999999999935e+01,1.344016099999999980e+01,-6.264589999999999881e-01,1.687230000000000119e-01,-2.713869999999999894e-01,2.325302999999999898e+00,5.843168000000000362e+00,1.528634000000000048e+00,7.530837000000000003e+00,1.926182500000000175e+01,-2.923699000000000048e+00,1.171048200000000072e+01,-5.109588999999999714e+00,1.024508800000000086e+01,2.638947200000000137e+01,9.730354000000000170e+00,7.682640000000000136e+00,2.444596299999999900e+01,-1.120137500000000053e+01,-3.544077000000000144e+00,3.354112999999999900e+00,1.078192400000000006e+01,4.131827999999999612e+00,1.224333000000000027e+01,2.717564700000000144e+01,-6.355472999999999928e+00,5.994762999999999842e+00,-1.787452000000000041e+00,-3.218789499999999748e+01,-3.049734000000000123e+01,-1.127059500000000014e+01,-2.611917000000000044e+00,3.896692999999999962e+00,1.410343199999999975e+01,9.113723999999999492e+00,1.096683200000000014e+01,1.435715199999999925e+01,1.497431899999999949e+01,6.591813000000000144e+00,6.605489999999999640e+00,1.087751599999999996e+01,1.728819100000000120e+01,1.139593499999999970e+01,1.173794499999999985e+01,5.234157999999999866e+00,6.433075999999999794e+00,4.802400000000000002e-01,-5.678806999999999938e+00,2.130383999999999833e+00,5.586682999999999844e+00,2.401781000000000166e+00,4.843630000000000102e+00,7.426784999999999748e+00,5.534762999999999877e+00,1.424872599999999956e+01,5.497596099999999808e+01,7.951743999999999701e+00,2.910293400000000119e+01,7.357098799999999983e+01,6.359092000000000411e+00,-2.961985999999999919e+01,5.562217000000000411e+00,2.035803500000000099e+01,-3.837549999999999795e+00,-2.323772999999999911e+01,3.861189199999999744e+01
6.403162000000000020e+00,5.313325999999999993e+00,6.262667000000000428e+00,2.009039699999999939e+01,1.246522299999999994e+01,8.161179999999999879e+00,8.350941999999999865e+00,2.375849499999999992e+01,1.516005099999999928e+01,1.481546499999999966e+01,8.899998000000000076e+00,2.352608899999999892e+01,4.797596000000000416e+00,2.408201800000000148e+01,1.696988999999999947e+01,1.357171899999999987e+01,-1.102775300000000058e+01,-1.870462500000000006e+01,-2.476720000000000033e-01,-3.933320000000000149e+00,3.751151000000000124e+00,-5.740731000000000250e+00,5.356773999999999702e+00,4.068623399999999890e+01,4.238160000000000260e-01,2.094791100000000128e+01,8.702659999999999840e-01,1.859673300000000040e+01,-6.841465000000000352e+00,4.113544000000000089e+00,-1.916007999999999933e+00,1.231421699999999930e+01,-2.600830999999999893e+00,1.690606000000000009e+01,3.900063999999999975e+00,1.641349100000000050e+01,1.456877800000000001e+01,1.141399400000000064e+01,8.834078999999999127e+00,2.005180800000000119e+01,3.187163299999999921e+01,-1.251965299999999992e+01,-2.032868000000000119e+00,-8.716644000000000503e+00,2.981315100000000129e+01,3.603845499999999902e+01,6.379961999999999911e+00,5.238279999999999603e+00,1.370613200000000020e+01,2.915562100000000001e+01,1.060239100000000079e+01,1.420037199999999977e+01,1.026863000000000081e+00,4.170722999999999736e+00,8.296829999999999483e-01,6.459412000000000376e+00,2.275360000000000049e+00,6.636050000000000004e-01,1.006751700000000049e+01,2.212044200000000060e+01,-6.735149999999999748e-01,1.940012300000000067e+01,-8.799993000000000620e+00,7.005990999999999858e+00,2.328563099999999864e+01,1.122101499999999952e+01,6.311971999999999916e+00,2.529770699999999906e+01,-1.233814899999999959e+01,-1.397032500000000077e+01,5.084067000000000114e+00,1.085612300000000019e+01,5.402554000000000300e+00,1.392768500000000031e+01,3.676346800000000314e+01,-4.900991999999999571e+00,1.028628000000000098e+00,-2.431769000000000069e+00,-3.791022199999999742e+01,-2.387755500000000097e+01,-1.338574900000000056e+01,-2.340569999999999873e-01,2.158945999999999810e+00,1.571601399999999948e+01,7.561039000000000065e+00,1.283627500000000055e+01,1.246269099999999952e+01,1.361656999999999940e+01,6.006078999999999724e+00,7.476398999999999795e+00,1.205202899999999921e+01,1.184555199999999964e+01,1.004429099999999941e+01,5.481728000000000378e+00,1.308938999999999986e+01,1.300564999999999927e+01,3.515210999999999864e+00,8.258893999999999735e+00,3.842045000000000154e+00,5.827817999999999721e+00,3.224784999999999791e+00,5.272812000000000054e+00,9.035322999999999993e+00,4.822396999999999601e+00,1.879810000000000159e+01,5.284550099999999873e+01,8.582212000000000174e+00,3.381124499999999955e+01,6.910414400000000512e+01,1.785603700000000060e+01,-2.846201500000000095e+01,1.082931600000000039e+01,2.306620399999999904e+01,-3.873364000000000029e+00,-2.579739999999999966e+01,4.150674800000000175e+01
3.746297999999999906e+00,8.225635000000000474e+00,6.938982000000000205e+00,2.169431600000000060e+01,1.524366799999999955e+01,1.256353000000000009e+01,7.783756000000000341e+00,2.549307999999999907e+01,1.555757299999999965e+01,1.843183199999999999e+01,2.066060000000000119e-01,1.794612700000000061e+01,3.737547000000000175e+00,2.408639099999999900e+01,1.677518999999999849e+01,1.721047799999999839e+01,-3.148000999999999827e+00,-1.124460099999999940e+01,-3.913127999999999940e+00,-6.856849999999999667e+00,1.464555799999999941e+01,-7.699909999999999810e-01,4.224604000000000248e+00,3.247789000000000215e+01,2.129385000000000083e+00,2.515958300000000136e+01,2.980240999999999918e+00,1.247419999999999973e+01,-3.618327999999999989e+00,6.856480999999999604e+00,-9.173956999999999695e+00,5.818558999999999592e+00,-1.279876999999999931e+00,1.944556199999999890e+01,3.437889999999999890e+00,2.195786199999999866e+01,1.719016099999999980e+01,1.569420399999999916e+01,1.343641799999999975e+01,2.320679799999999915e+01,4.144497199999999992e+01,-7.284399999999999764e-01,-2.675866000000000078e+00,-6.453053999999999846e+00,2.141820699999999889e+01,3.610701999999999856e+01,8.024965999999999156e+00,8.462908999999999793e+00,1.315900800000000004e+01,2.615658200000000022e+01,9.394875000000000753e+00,1.203254300000000043e+01,2.581989999999999785e+00,8.299868999999999275e+00,2.564620000000000122e+00,1.092404900000000012e+01,-2.601499999999999993e-02,5.383793999999999969e+00,8.829879999999999285e+00,2.240037099999999981e+01,6.168184000000000111e+00,2.552402700000000024e+01,-2.709788000000000086e+00,8.359915000000000873e+00,2.138254999999999839e+01,1.171028599999999997e+01,4.623109999999999609e+00,2.742045999999999850e+01,-1.589555200000000035e+01,-2.362322699999999998e+01,6.807455000000000034e+00,1.010617500000000035e+01,7.733185999999999893e+00,1.634544999999999959e+01,4.009244600000000247e+01,1.572279999999999900e+00,-3.259786000000000072e+00,9.743840000000000279e-01,-2.244173899999999833e+01,-5.757316000000000322e+00,-5.183572999999999986e+00,8.525793999999999428e+00,2.837108999999999881e+00,2.112258500000000083e+01,6.691068999999999711e+00,1.816736500000000021e+01,8.410610000000000142e+00,1.291205399999999948e+01,6.321282000000000068e+00,9.335050000000000736e+00,1.137241399999999913e+01,6.407008000000000258e+00,9.650392000000000081e+00,-9.018129999999999757e-01,1.795916199999999918e+01,1.769311199999999928e+01,5.384998000000000395e+00,1.791396200000000150e+01,8.969506000000000867e+00,6.688740000000000130e+00,2.139269000000000087e+00,3.759236000000000022e+00,8.418096999999999497e+00,3.125122000000000178e+00,1.655080999999999847e+01,3.889629899999999907e+01,6.598417000000000421e+00,3.183194100000000049e+01,5.731243800000000022e+01,2.428254899999999950e+01,-2.255541499999999999e+01,1.516439300000000046e+01,2.837164500000000089e+01,4.272670000000000079e-01,-2.165643700000000038e+01,3.790935600000000250e+01
1.187238999999999933e+00,1.548853599999999986e+01,7.739633000000000429e+00,2.076533799999999985e+01,1.696673600000000093e+01,1.590180699999999980e+01,7.274028000000000382e+00,2.089476399999999856e+01,1.615384200000000092e+01,1.889202500000000029e+01,-5.664733000000000018e+00,7.767540000000000333e+00,3.239708999999999950e+00,1.911341799999999935e+01,1.572503200000000056e+01,1.880897799999999975e+01,6.161152999999999658e+00,2.398686000000000096e+00,-5.537742999999999860e+00,-6.448833999999999733e+00,2.630838200000000171e+01,9.400195000000000078e+00,6.857694999999999652e+00,2.456456400000000073e+01,6.145292999999999672e+00,2.977795199999999909e+01,6.727637999999999785e+00,8.621337999999999724e+00,4.322333000000000425e+00,9.052156000000000091e+00,-9.919841999999999160e+00,6.719341000000000008e+00,1.158204000000000011e+00,2.114965199999999967e+01,3.310273000000000021e+00,2.898084800000000172e+01,1.689643099999999976e+01,1.880407900000000154e+01,1.651791700000000063e+01,2.432146499999999989e+01,4.373858500000000049e+01,2.312389500000000098e+01,-6.002227999999999675e+00,-8.313969000000000165e+00,7.596847000000000349e+00,2.712300600000000017e+01,5.710965999999999987e+00,8.735823999999999145e+00,9.730572000000000443e+00,1.663048200000000065e+01,8.531497999999999138e+00,6.425492000000000203e+00,2.007099000000000188e+00,8.173394000000000048e+00,2.993618999999999808e+00,1.177128399999999964e+01,-1.990458999999999978e+00,1.326673699999999911e+01,3.293093999999999966e+00,2.093329299999999904e+01,1.554096000000000011e+01,2.677239199999999997e+01,1.173441299999999998e+01,1.484941000000000066e+01,1.936653000000000091e+01,7.794216999999999729e+00,1.918528999999999929e+00,2.634840799999999916e+01,-2.161704699999999946e+01,-2.984910299999999950e+01,6.712650000000000006e+00,8.771694999999999354e+00,1.089750100000000010e+01,1.547952000000000083e+01,2.967110999999999876e+01,1.052977699999999928e+01,-6.619836000000000276e+00,5.815673999999999566e+00,4.452748999999999846e+00,1.430311799999999955e+01,8.399335000000000662e+00,1.987966099999999869e+01,4.653959999999999653e+00,2.753342699999999965e+01,5.189206999999999681e+00,2.204743900000000068e+01,3.327430000000000110e+00,1.146929100000000012e+01,6.465771000000000157e+00,9.828495999999999455e+00,8.440749999999999531e+00,1.670274000000000036e+00,9.329648000000000607e+00,-5.333236000000000310e+00,1.668822400000000172e+01,1.883527799999999885e+01,5.224737000000000187e+00,1.813628100000000032e+01,1.572853600000000007e+01,7.386271999999999949e+00,-5.366480000000000139e-01,1.020882000000000067e+00,6.117475999999999914e+00,1.018283000000000049e+00,9.219642000000000337e+00,2.270720100000000130e+01,3.654507999999999868e+00,2.467214799999999997e+01,4.327284999999999826e+01,2.115868899999999897e+01,-1.550529000000000046e+01,1.666904800000000009e+01,2.881427100000000152e+01,4.111566999999999972e+00,-1.543365299999999962e+01,3.478687599999999946e+01
-1.957079000000000013e+00,2.159023399999999882e+01,6.818616999999999706e+00,1.516295200000000065e+01,1.601170300000000069e+01,1.403368200000000066e+01,5.424930999999999948e+00,9.024079999999999657e+00,1.525248599999999932e+01,1.358152300000000068e+01,-9.997080000000000410e+00,-5.230677000000000021e+00,1.644711999999999952e+00,8.848233000000000459e+00,1.141969600000000007e+01,1.598631800000000069e+01,1.026184600000000025e+01,1.344991899999999951e+01,-5.476320000000000299e+00,-5.205888999999999989e+00,3.246237599999999901e+01,1.580498200000000075e+01,8.002712999999999965e+00,1.474631300000000067e+01,8.362875000000000725e+00,2.863439999999999941e+01,8.631994000000000611e+00,3.767843000000000053e+00,1.238825300000000063e+01,1.011784800000000040e+01,-5.369430000000000369e+00,1.280163800000000052e+01,2.936967000000000105e+00,1.932933999999999841e+01,4.231648999999999994e+00,3.385526000000000124e+01,1.268704999999999927e+01,1.812626300000000157e+01,1.644026699999999863e+01,2.246320899999999909e+01,4.068675199999999847e+01,4.544508700000000090e+01,-1.157606299999999955e+01,-1.535689099999999918e+01,-6.901823000000000263e+00,1.040112300000000012e+01,2.461210000000000064e-01,4.963691999999999993e+00,2.302379999999999871e+00,3.617672999999999917e+00,5.997480999999999618e+00,-1.288613999999999926e+00,-7.431429999999999980e-01,2.348955999999999822e+00,1.106189000000000089e+00,7.085448999999999664e+00,-4.718568000000000318e+00,1.938678399999999868e+01,-5.288940000000000197e+00,1.765558700000000059e+01,2.266178700000000035e+01,2.165729999999999933e+01,2.672681499999999843e+01,2.285641199999999884e+01,1.487054400000000065e+01,-1.034435999999999911e+00,-2.168235000000000134e+00,1.892360400000000098e+01,-2.713709300000000013e+01,-3.067346799999999973e+01,4.422329999999999650e+00,7.192851000000000106e+00,1.394118300000000055e+01,9.163427000000000433e+00,7.530922999999999590e+00,1.754378799999999927e+01,-9.037772999999999612e+00,7.913166000000000366e+00,2.222221100000000149e+01,2.473567900000000108e+01,1.766434100000000029e+01,2.634209500000000048e+01,5.550671000000000355e+00,3.092664299999999855e+01,1.601007000000000069e+00,1.988624899999999940e+01,-1.204436000000000062e+00,7.431445000000000078e+00,4.902429999999999843e+00,6.873394000000000226e+00,3.864894000000000052e+00,-2.248594999999999899e+00,7.680975000000000108e+00,-7.026600000000000179e+00,7.802450000000000330e+00,1.588735800000000076e+01,2.875983999999999874e+00,8.744934000000000651e+00,2.062729799999999969e+01,6.208600999999999814e+00,-3.202494999999999870e+00,-1.425578000000000012e+00,3.510174999999999823e+00,-8.306930000000000147e-01,7.196259999999999879e-01,1.142729899999999965e+01,9.876340000000000119e-01,1.506919300000000028e+01,2.819189599999999984e+01,8.506282000000000565e+00,-1.155926299999999962e+01,1.295251599999999925e+01,1.861899199999999865e+01,2.422137999999999902e+00,-1.209274899999999953e+01,3.083812400000000054e+01
-5.232426000000000244e+00,2.179763499999999965e+01,3.491225000000000023e+00,5.829483999999999888e+00,1.178056199999999976e+01,6.118269999999999875e+00,1.542697999999999903e+00,-6.248001999999999612e+00,1.152329100000000039e+01,3.491528999999999883e+00,-1.413820399999999999e+01,-1.670284200000000041e+01,-2.136492000000000058e+00,-3.701645000000000074e+00,4.066746000000000194e+00,8.853611000000000786e+00,6.604900999999999911e+00,1.566760099999999944e+01,-4.071411000000000335e+00,-3.922826000000000146e+00,2.946398500000000098e+01,1.322931299999999943e+01,4.406569000000000180e+00,2.075979999999999936e+00,6.317409999999999748e+00,1.942786999999999864e+01,6.421866999999999770e+00,-2.906744000000000216e+00,1.598587900000000062e+01,1.057392499999999913e+01,9.197790000000000132e-01,1.922261800000000065e+01,3.078962999999999894e+00,1.351631099999999996e+01,6.258676999999999602e+00,3.272386300000000148e+01,6.131949999999999790e+00,1.341377699999999962e+01,1.332751700000000028e+01,1.712362399999999951e+01,3.608879400000000004e+01,5.484390199999999993e+01,-1.557304800000000000e+01,-2.235874499999999898e+01,-1.607943699999999865e+01,-5.889199999999999768e+00,-4.114475999999999800e+00,-7.111809999999999521e-01,-7.449510000000000076e+00,-7.440536999999999956e+00,1.783813000000000093e+00,-7.588084000000000273e+00,-2.923699000000000048e+00,-5.270762000000000391e+00,-1.829064000000000023e+00,-3.845109999999999917e-01,-7.615343000000000195e+00,2.021231999999999829e+01,-1.352443300000000015e+01,1.281166200000000011e+01,2.328191199999999839e+01,1.220929399999999987e+01,3.347919799999999668e+01,2.751359899999999925e+01,6.795427000000000106e+00,-1.092282499999999956e+01,-6.563930000000000042e+00,6.913744000000000334e+00,-2.822712399999999988e+01,-2.391976299999999966e+01,1.413141999999999898e+00,5.672649999999999970e+00,1.609618299999999991e+01,-8.572299999999999365e-02,-1.406001299999999965e+01,1.912897699999999901e+01,-9.235877000000000336e+00,5.915714000000000361e+00,1.641669900000000126e+01,2.054678200000000032e+01,1.596695399999999943e+01,2.278102600000000066e+01,4.594545000000000101e+00,2.899973900000000171e+01,-3.821274999999999977e+00,1.141436999999999991e+01,-3.611057999999999879e+00,6.257230000000000292e-01,1.142433999999999950e+00,7.152079999999999549e-01,-6.566680000000000295e-01,-5.345105000000000217e+00,3.964694999999999858e+00,-6.772508000000000195e+00,-6.077812999999999910e+00,1.012243199999999987e+01,8.982999999999999666e-03,-4.901727000000000167e+00,2.182559399999999883e+01,2.405781999999999865e+00,-4.281026999999999916e+00,-2.312597999999999931e+00,1.814138999999999946e+00,-1.853898000000000046e+00,-5.378936999999999635e+00,4.738114000000000381e+00,-1.158045999999999909e+00,5.364901999999999838e+00,1.182030499999999940e+01,-7.837952999999999726e+00,-1.191525099999999959e+01,3.978809000000000040e+00,-8.271570000000000311e-01,-5.293184000000000111e+00,-1.249446000000000012e+01,1.751235900000000001e+01
-6.512306999999999846e+00,1.583299799999999991e+01,-1.011146000000000100e+00,-3.039482000000000017e+00,5.145353000000000065e+00,-4.284277000000000335e+00,-3.398064999999999891e+00,-1.753568299999999880e+01,4.954477999999999938e+00,-6.855961999999999890e+00,-1.733638900000000049e+01,-2.163731599999999844e+01,-7.261884000000000228e+00,-1.317866099999999996e+01,-3.161408999999999914e+00,4.740900000000000114e-01,-6.107820000000000471e-01,1.008942300000000003e+01,-1.288380999999999998e+00,-6.005310000000000370e-01,1.867344800000000049e+01,4.353716000000000363e+00,-2.475280999999999842e+00,-1.056369699999999945e+01,9.354200000000000292e-01,5.922908999999999757e+00,9.937979999999999592e-01,-8.038728000000000762e+00,1.382504199999999983e+01,1.159308099999999975e+01,5.321226000000000234e+00,2.189457600000000070e+01,2.202188000000000034e+00,6.624113999999999614e+00,8.567422999999999789e+00,2.395756400000000141e+01,7.731080000000000174e-01,7.439041999999999710e+00,8.940146000000000370e+00,9.167645999999999518e+00,3.226272300000000115e+01,4.930550199999999705e+01,-1.248282200000000053e+01,-2.032017000000000095e+01,-1.540792199999999923e+01,-1.104224899999999998e+01,-1.836216000000000070e+00,-3.365492999999999846e+00,-1.507275899999999957e+01,-1.129189599999999949e+01,-1.447586000000000039e+00,-8.559464000000000183e+00,-8.206790000000000473e-01,-7.469458999999999627e+00,-2.862330000000000041e+00,-4.492573000000000150e+00,-8.223193999999999448e+00,1.612605100000000036e+01,-1.703520599999999874e+01,7.889948000000000405e+00,1.671729200000000048e+01,3.328810999999999964e+00,2.822459299999999871e+01,2.612132599999999982e+01,-3.227498000000000200e+00,-1.562328699999999948e+01,-8.885434999999999306e+00,-3.112865000000000215e+00,-2.123180100000000081e+01,-8.397468999999999184e+00,-1.469989999999999908e-01,4.284487000000000378e+00,1.712126100000000051e+01,-6.197583999999999982e+00,-2.044336699999999851e+01,1.497752700000000026e+01,-5.077144999999999797e+00,2.985721999999999987e+00,-8.826482000000000383e+00,6.949475999999999765e+00,5.126559999999999562e+00,1.081186300000000067e+01,2.811123999999999956e+00,2.277700300000000055e+01,-8.586892000000000635e+00,1.270095999999999892e+00,-3.030140999999999973e+00,-6.514248000000000260e+00,-3.412952000000000208e+00,-5.756242000000000303e+00,-3.093738000000000099e+00,-7.454274999999999984e+00,-1.199184000000000028e+00,-6.165994000000000419e+00,-1.843604900000000058e+01,4.220144000000000339e+00,-3.102230000000000265e-01,-1.481174299999999988e+01,2.084307700000000096e+01,-2.565513000000000154e+00,-3.498463999999999796e+00,-1.533606999999999942e+00,1.302440000000000042e+00,-1.798685000000000089e+00,-7.805206000000000088e+00,-3.413575999999999944e+00,-2.941746000000000194e+00,-3.119762000000000146e+00,-4.183805000000000440e+00,-1.895042400000000171e+01,-1.305716400000000021e+01,-6.552596999999999561e+00,-2.104861100000000107e+01,-1.464237800000000078e+01,-1.253384199999999993e+01,-1.201680900000000030e+01
-3.312279999999999891e+00,7.819468999999999781e+00,-4.228758000000000017e+00,-6.543382000000000254e+00,-1.996447000000000083e+00,-1.144455499999999937e+01,-7.102666000000000146e+00,-1.826363200000000120e+01,-3.021987000000000201e+00,-1.220321399999999912e+01,-1.677621399999999952e+01,-1.734368299999999863e+01,-1.108703200000000066e+01,-1.490250600000000070e+01,-6.316660999999999859e+00,-5.014573999999999643e+00,-3.387710000000000221e+00,3.772775999999999907e+00,2.887773000000000145e+00,7.258538999999999852e+00,5.608254999999999768e+00,-2.418432999999999833e+00,-7.655412000000000106e+00,-1.733443600000000018e+01,-4.295111999999999597e+00,-4.533534999999999648e+00,-4.006230000000000402e+00,-6.573954999999999771e+00,8.588051999999999353e+00,1.363524699999999967e+01,5.989349999999999952e+00,1.970062400000000125e+01,1.840996000000000077e+00,2.935344999999999871e+00,9.710521999999999210e+00,9.533053000000000665e+00,-3.118619999999999726e-01,4.082805999999999713e+00,5.314231999999999623e+00,9.289199999999999680e-01,2.820063400000000087e+01,3.614458299999999724e+01,7.942550000000000443e-01,-3.435004999999999864e+00,-4.832734999999999559e+00,3.432640000000000136e-01,9.688302000000000191e+00,1.401742999999999961e+00,-1.592345000000000077e+01,-6.170016999999999641e+00,-3.924889999999999768e-01,-2.809871999999999925e+00,7.045703999999999745e+00,9.038300000000000223e-01,3.427669999999999884e-01,-3.228409999999999891e-01,-4.139415999999999762e+00,1.066760700000000028e+01,-1.296555999999999997e+01,5.103206000000000131e+00,6.407324000000000019e+00,-1.880269999999999997e-01,1.462920399999999965e+01,1.960593499999999878e+01,-1.159729199999999949e+01,-1.090044499999999950e+01,-6.985257999999999967e+00,-4.206355000000000288e+00,-6.146008000000000138e+00,1.340986200000000039e+01,8.046689999999999676e-01,2.807005999999999890e+00,1.687633800000000051e+01,-4.103607000000000227e+00,-5.682409999999999961e+00,7.979670999999999736e+00,4.118954999999999700e+00,4.139928000000000274e+00,-3.261019600000000196e+01,-4.639141999999999655e+00,-5.783539000000000208e+00,-1.970042999999999989e+00,2.209087999999999941e+00,1.560332400000000064e+01,-9.466426999999999481e+00,-4.383117000000000374e+00,6.938700000000000423e-02,-1.027414800000000028e+01,-6.154800999999999966e+00,-8.859469000000000705e+00,-2.317677000000000209e+00,-8.355123000000000744e+00,-6.032667000000000002e+00,-6.335621999999999865e+00,-2.224345900000000142e+01,7.623520000000000296e-01,4.295512000000000441e+00,-1.509139300000000006e+01,2.107318000000000069e+01,-5.599541000000000324e+00,-2.070291000000000103e+00,-2.503139999999999810e-01,1.268267999999999951e+00,-8.741539999999999866e-01,-7.715245999999999604e+00,-1.785183100000000067e+01,-3.927637999999999963e+00,-9.601328999999999780e+00,-1.584446900000000014e+01,-1.826471000000000089e+01,-8.863224999999999909e+00,-1.284350899999999918e+01,-3.209809099999999660e+01,-1.909233400000000103e+01,-6.704979999999999940e+00,-5.303770300000000049e+01
4.805267999999999873e+00,2.612595999999999918e+00,-4.246655999999999764e+00,-2.726466999999999974e+00,-7.769000000000000128e+00,-1.150049699999999930e+01,-7.555977999999999639e+00,-7.423676999999999637e+00,-1.033085999999999949e+01,-1.018900799999999940e+01,-1.013622400000000034e+01,-5.651591999999999949e+00,-1.092155999999999949e+01,-8.104763000000000162e+00,-3.929710000000000036e+00,-5.396478000000000108e+00,3.593316999999999872e+00,3.631092000000000208e+00,7.736659000000000397e+00,1.885286100000000076e+01,-3.632944999999999869e+00,2.733849999999999891e-01,-6.839961999999999875e+00,-1.376566799999999979e+01,-6.057723000000000191e+00,-6.478366000000000291e+00,-4.806585000000000107e+00,3.345368999999999815e+00,4.562395000000000422e+00,1.533571399999999940e+01,3.206344000000000083e+00,1.412164199999999958e+01,2.905565999999999871e+00,4.197877000000000081e+00,8.188380999999999688e+00,-5.902940000000000076e+00,3.045225999999999988e+00,5.193952000000000346e+00,3.110396999999999856e+00,-4.869265999999999650e+00,2.062949300000000008e+01,2.513604000000000127e+01,2.140046299999999846e+01,2.462481700000000018e+01,1.005192199999999936e+01,2.276332199999999872e+01,2.698493200000000058e+01,1.350175800000000059e+01,-8.721598999999999435e+00,4.550254999999999939e+00,5.688640000000000363e+00,6.777540000000000120e+00,1.788704999999999856e+01,1.817532800000000037e+01,7.201353000000000115e+00,1.128906899999999958e+01,4.422003000000000128e+00,7.221661000000000108e+00,-2.445259000000000071e+00,5.558411000000000435e+00,-2.490340999999999916e+00,2.856238999999999972e+00,1.050966000000000067e+00,1.120590800000000087e+01,-1.538767799999999930e+01,1.653785000000000061e+00,-8.964980000000000171e-01,5.118510999999999811e+00,1.210334899999999969e+01,3.375347299999999962e+01,3.260842999999999936e+00,8.913410000000000499e-01,1.474602299999999921e+01,5.720083999999999946e+00,2.143829399999999907e+01,2.027855999999999881e+00,1.536116400000000048e+01,1.132469500000000018e+01,-3.245948800000000034e+01,-5.200213999999999892e+00,-7.390430000000000277e+00,-7.481709999999999638e+00,3.776987999999999790e+00,1.025774999999999970e+01,-5.088829999999999742e+00,-2.670180000000000220e+00,3.805449999999999999e+00,-8.450881000000000753e+00,-5.164996999999999616e+00,-6.874325999999999937e+00,9.987399999999999611e-01,-8.077835000000000321e+00,-8.540262999999999494e+00,-7.113945000000000185e+00,-1.457253700000000052e+01,5.523749999999999494e-01,1.315985599999999955e+01,-5.584516999999999953e+00,2.429148700000000005e+01,-4.077306000000000097e+00,-1.622913000000000050e+00,-7.163500000000000423e-02,6.993300000000000072e-01,2.947580000000000200e-01,-7.169430000000000192e+00,-3.588835499999999712e+01,-2.878496000000000166e+00,-1.313740699999999961e+01,-2.006604099999999846e+01,-6.187488000000000099e+00,4.464843000000000117e+00,-1.081152799999999914e+01,-2.944864000000000104e+01,-1.476378200000000085e+01,6.635657000000000139e+00,-8.735781299999999305e+01
1.463132300000000008e+01,1.475070000000000103e+00,-1.352673000000000014e+00,5.333624999999999616e+00,-1.127545300000000061e+01,-5.349664999999999893e+00,-4.779912999999999634e+00,8.601259000000000654e+00,-1.543006300000000053e+01,-3.192177000000000042e+00,1.272942999999999936e+00,7.302201000000000164e+00,-6.234933999999999976e+00,2.894006000000000078e+00,1.189964999999999939e+00,-2.240118999999999971e+00,1.801651100000000127e+01,1.037943300000000058e+01,1.154717499999999930e+01,2.825994299999999981e+01,-6.303181000000000367e+00,1.258613399999999949e+01,-4.631569999999999854e-01,-1.483136999999999928e+00,-3.772780000000000022e+00,-7.603189999999999671e-01,-4.657540000000000013e-01,1.716242599999999996e+01,4.148721000000000103e+00,1.383299000000000056e+01,-1.649081999999999937e+00,6.938215999999999717e+00,4.607783000000000406e+00,6.963396000000000363e+00,3.090421000000000085e+00,-1.788544600000000173e+01,7.635004000000000346e+00,8.676085999999999743e+00,9.161510000000000487e-01,-6.735902000000000278e+00,7.122244000000000241e+00,2.028447900000000104e+01,4.058729399999999998e+01,5.051495899999999750e+01,2.010026999999999830e+01,4.134329300000000273e+01,4.121661199999999781e+01,2.690337600000000151e+01,2.556598000000000148e+00,1.384804100000000027e+01,1.326098900000000036e+01,1.416056700000000035e+01,2.564475399999999894e+01,3.559009999999999962e+01,1.377822399999999980e+01,2.312117299999999886e+01,1.361424700000000065e+01,5.905745999999999718e+00,8.859362000000000847e+00,7.587600000000000122e+00,-6.795683000000000362e+00,8.524753000000000469e+00,-5.259889000000000259e+00,3.686052000000000106e+00,-1.495582500000000081e+01,1.437726199999999999e+01,6.354495000000000005e+00,1.801913700000000063e+01,2.558278200000000169e+01,4.159911600000000220e+01,4.830213999999999785e+00,-1.630317000000000016e+00,9.736394000000000659e+00,1.646938799999999858e+01,4.171086100000000130e+01,-7.556329999999999991e-01,2.226804399999999973e+01,2.042276100000000127e+01,-1.647537000000000029e+00,5.137628000000000306e+00,2.575298000000000087e+00,-3.264286999999999939e+00,6.152687000000000239e+00,6.462058999999999997e+00,2.349654999999999827e+00,3.472170000000000201e+00,5.599777999999999700e+00,-2.491649999999999920e+00,-9.762739999999999752e-01,-1.626784000000000008e+00,4.509227000000000096e+00,-7.090043999999999791e+00,-7.610516999999999754e+00,-7.279315999999999676e+00,8.406639999999999668e-01,1.977122000000000046e+00,2.188863399999999970e+01,7.932210000000000427e+00,2.815673900000000174e+01,1.941351999999999967e+00,-2.737973999999999908e+00,-1.853188000000000057e+00,-8.958089999999999664e-01,9.483120000000000438e-01,-7.310279000000000416e+00,-4.738239000000000090e+01,1.157569999999999988e+00,-1.274337799999999987e+01,-1.836215899999999834e+01,9.468562000000000367e+00,2.405280399999999830e+01,-1.344055999999999917e+00,-1.700937899999999914e+01,-3.672527000000000097e+00,2.256442600000000098e+01,-9.262356099999999515e+01
2.014304900000000131e+01,6.229780000000000317e-01,1.676136000000000070e+00,1.078118500000000068e+01,-1.285496999999999979e+01,1.787385000000000002e+00,-1.359650999999999943e+00,1.891204499999999911e+01,-1.805184600000000117e+01,3.054454999999999920e+00,1.159426299999999976e+01,1.392662400000000034e+01,3.854600000000000248e-01,1.067053399999999996e+01,3.265448999999999824e+00,-4.120900000000000257e-02,3.062149900000000002e+01,1.756165400000000076e+01,1.225918899999999923e+01,2.685765299999999911e+01,-4.646459000000000117e+00,2.664504799999999918e+01,5.699939999999999785e+00,1.065211000000000041e+01,-8.015700000000000602e-02,5.469755000000000145e+00,6.059057000000000137e+00,2.542869900000000172e+01,5.990752999999999773e+00,6.693001999999999896e+00,-7.424032999999999660e+00,-1.835528999999999966e+00,4.819364000000000203e+00,3.765121999999999858e+00,-5.399867000000000417e+00,-2.498515499999999889e+01,8.945342000000000127e+00,9.515807999999999822e+00,-3.852672999999999792e+00,-5.419425000000000381e+00,-1.116159700000000043e+01,1.667755299999999963e+01,4.810446400000000011e+01,5.840818399999999855e+01,1.739255100000000098e+01,4.050569699999999784e+01,4.299580999999999875e+01,3.240990200000000243e+01,1.019423800000000035e+01,1.507822200000000024e+01,1.601777500000000032e+01,1.376887699999999981e+01,2.465210000000000079e+01,4.229510199999999998e+01,1.487156000000000056e+01,2.586706600000000122e+01,1.768379799999999946e+01,3.277003000000000110e+00,1.307272799999999968e+01,6.897536999999999807e+00,-7.610326999999999842e+00,9.579955999999999250e+00,-2.860161999999999871e+00,-2.622472999999999832e+00,-1.440114499999999964e+01,1.755590300000000070e+01,9.974847999999999715e+00,2.217233799999999988e+01,2.765820499999999882e+01,2.821679800000000071e+01,3.587565000000000115e+00,-4.533973999999999727e+00,1.460633000000000070e+00,1.908455400000000068e+01,3.791163199999999733e+01,-1.305962999999999985e+00,1.849357600000000090e+01,2.312241900000000072e+01,4.444350000000000023e+01,1.725587099999999907e+01,1.712882700000000114e+01,5.486242999999999981e+00,6.224714999999999776e+00,8.939430000000000431e-01,7.806466999999999601e+00,7.128874999999999851e+00,3.477856000000000058e+00,2.875316000000000205e+00,3.242259999999999920e+00,2.414458000000000215e+00,5.406674999999999898e+00,-6.170575999999999617e+00,-3.663393999999999817e+00,-5.698443000000000147e+00,1.528679600000000072e+01,2.014448999999999934e+00,2.434379300000000157e+01,1.723173399999999944e+01,2.708407499999999857e+01,9.199018000000000583e+00,-4.353227000000000402e+00,-4.980160999999999838e+00,-3.131787999999999794e+00,5.930119999999999836e-01,-7.662040000000000184e+00,-4.191304199999999724e+01,7.258970999999999840e+00,-8.478742000000000445e+00,-1.715591699999999875e+01,1.794937600000000089e+01,4.022081800000000129e+01,9.613260000000000360e+00,-4.160264999999999880e+00,7.061224000000000167e+00,3.193338400000000021e+01,-5.764892600000000300e+01
1.576493600000000050e+01,-5.985057000000000293e+00,1.071525999999999978e+00,7.088155999999999679e+00,-1.353879500000000036e+01,3.902982000000000173e+00,-1.100654999999999939e+00,1.436459900000000012e+01,-1.903127699999999933e+01,3.225600000000000023e+00,1.313672299999999993e+01,9.214555000000000717e+00,4.459895000000000387e+00,8.910538000000000736e+00,-2.625392999999999866e+00,-3.038517999999999830e+00,3.146254400000000118e+01,1.664286999999999850e+01,8.692705999999999378e+00,9.026799999999999713e+00,-4.142833000000000432e+00,3.176118999999999915e+01,4.103539999999999743e+00,1.081387299999999918e+01,1.103194999999999926e+00,3.442702000000000151e+00,9.639744999999999564e+00,1.958170499999999947e+01,6.196984999999999744e+00,-5.773140999999999856e+00,-1.370437000000000083e+01,-1.389557699999999940e+01,1.680380999999999903e+00,-1.198750300000000024e+01,-1.579936000000000007e+01,-2.956410800000000094e+01,4.400066999999999950e+00,3.315761999999999876e+00,-1.294422899999999998e+01,-3.498568000000000122e+00,-2.925459999999999994e+01,4.965373999999999732e+00,3.841187299999999993e+01,4.027099599999999668e+01,4.704200000000000048e-02,1.433377199999999974e+01,2.840926299999999927e+01,2.334544899999999856e+01,7.104261000000000159e+00,6.014547000000000310e+00,8.895949999999999136e+00,4.258855999999999753e+00,1.349864299999999950e+01,3.237813799999999986e+01,7.390388999999999875e+00,1.462776599999999938e+01,1.257829199999999936e+01,-4.736900999999999584e+00,4.432601000000000013e+00,-1.023649000000000031e+00,-9.464048999999999268e+00,-1.118289999999999978e-01,3.502397999999999900e+00,-9.456581999999999155e+00,-1.919791499999999829e+01,5.395944000000000074e+00,6.178997999999999990e+00,7.154232999999999620e+00,1.704592999999999847e+01,-6.620328999999999908e+00,-3.459050000000000180e-01,-7.285304000000000002e+00,-8.701532000000000266e+00,8.582247000000000625e+00,6.940161999999999942e+00,-2.494725999999999999e+00,2.325508000000000131e+00,1.280631299999999939e+01,7.809887000000000512e+01,2.001921799999999863e+01,2.491453999999999880e+01,9.686339000000000254e+00,1.414152000000000076e+00,-1.004856400000000072e+01,6.376956999999999987e+00,2.398969999999999825e+00,-2.729802999999999980e+00,2.584709999999999841e+00,3.468369000000000035e+00,1.056036999999999892e+00,2.036300000000000221e+00,-6.047660999999999731e+00,1.472642000000000007e+00,-2.498650000000000038e+00,2.032580899999999957e+01,-1.670420000000000016e+00,1.640072899999999834e+01,1.667913899999999927e+01,1.623670600000000164e+01,1.301292300000000068e+01,-4.585669000000000217e+00,-7.696492000000000111e+00,-5.079780999999999658e+00,-7.110410000000000341e-01,-6.956217999999999790e+00,-1.794930499999999896e+01,1.208290099999999967e+01,-2.533586000000000116e+00,-2.346779899999999941e+01,1.229165000000000063e+01,4.163721699999999970e+01,1.455667099999999969e+01,7.865119999999999889e-01,9.709500000000000242e+00,2.744733300000000042e+01,7.020884999999999820e+00
1.713909999999999878e-01,-2.152769599999999883e+01,-5.453833999999999627e+00,-7.563617999999999952e+00,-1.416928899999999913e+01,-1.666441000000000061e+00,-6.510839999999999961e+00,-6.545123000000000246e+00,-1.943271199999999865e+01,-4.046599999999999753e+00,1.360127000000000086e+00,-6.354130999999999752e+00,2.402331999999999912e+00,-3.662475000000000147e+00,-1.682202799999999954e+01,-1.193380900000000011e+01,1.732939400000000063e+01,4.299164000000000208e+00,1.506121999999999961e+00,-2.267425000000000068e+01,-9.566729999999999734e+00,2.189761100000000127e+01,-9.179871999999999588e+00,-8.237946000000000879e+00,-2.506085000000000118e+00,-1.104160300000000028e+01,6.387920000000000265e+00,-1.930787999999999949e+00,1.706401999999999974e+00,-1.960922199999999904e+01,-2.027464499999999958e+01,-3.040229700000000079e+01,-4.754398000000000124e+00,-4.048626000000000147e+01,-2.556081500000000162e+01,-3.573612299999999919e+01,-4.596864000000000061e+00,-1.009272799999999926e+01,-2.553092499999999987e+01,-3.754431999999999992e+00,-4.096246099999999757e+01,-1.991479100000000102e+01,1.456819300000000084e+01,2.115009999999999835e+00,-2.605089699999999908e+01,-2.859486400000000117e+01,2.138152999999999970e+00,4.432740000000000014e-01,-8.595179999999999154e+00,-9.767366000000000881e+00,-8.126779000000000863e+00,-1.034002599999999994e+01,-3.687828999999999802e+00,9.060774999999999579e+00,-7.269487999999999950e+00,-7.085315999999999725e+00,-1.000534000000000034e+00,-1.887919099999999872e+01,-1.684719099999999870e+01,-1.757495099999999866e+01,-1.677551800000000171e+01,-2.126805699999999888e+01,6.855364999999999931e+00,-1.834196599999999933e+01,-3.239715300000000298e+01,-1.991320899999999838e+01,-5.184669999999999668e+00,-2.822097600000000028e+01,-1.055576000000000070e+00,-5.211448000000000036e+01,-4.762647000000000297e+00,-9.380539999999999878e+00,-1.741561300000000045e+01,-1.187965200000000010e+01,-3.700392000000000081e+01,-6.523532999999999582e+00,-2.090448299999999904e+01,-9.758722999999999814e+00,7.845184999999999320e+01,8.909342999999999790e+00,1.860766200000000126e+01,3.282958999999999961e+00,-8.027466999999999686e+00,-2.669448699999999874e+01,-3.363550000000000040e+00,-1.107153300000000051e+01,-1.105526500000000034e+01,-5.189688000000000301e+00,-2.481692999999999927e+00,-6.680303000000000324e+00,-5.093471000000000082e+00,-7.056129000000000318e+00,5.354828000000000365e+00,6.649159999999999515e-01,1.321179399999999937e+01,-8.951890999999999821e+00,-9.048509999999999609e-01,6.663128000000000384e+00,-4.222368999999999595e+00,1.028612200000000065e+01,-2.373972000000000193e+00,-8.310494999999999521e+00,-5.974815999999999683e+00,-2.378099999999999881e+00,-4.630303999999999753e+00,1.333817900000000023e+01,1.133618799999999993e+01,1.010129999999999972e+00,-3.890833500000000100e+01,-6.017459999999999809e+00,2.297567700000000102e+01,9.280224999999999724e+00,-4.204525000000000290e+00,1.147882000000000069e+00,9.182415999999999912e+00,7.193716899999999725e+01
-2.197346599999999839e+01,-4.271574400000000082e+01,-1.684190699999999907e+01,-2.856627699999999948e+01,-1.485021500000000039e+01,-1.245341900000000024e+01,-1.676571399999999912e+01,-3.604524500000000131e+01,-1.970272699999999944e+01,-1.530324500000000043e+01,-2.125692000000000093e+01,-2.680511200000000116e+01,-5.979890000000000150e+00,-2.214315600000000117e+01,-3.422704099999999983e+01,-2.299690800000000124e+01,-5.202937000000000367e+00,-1.388737099999999991e+01,-6.876668999999999699e+00,-5.688668700000000200e+01,-2.153040499999999824e+01,-4.333399999999999752e-02,-3.107544499999999843e+01,-4.328635100000000335e+01,-9.823309000000000069e+00,-3.424927699999999930e+01,-3.611445999999999934e+00,-3.168183900000000008e+01,-6.855806000000000289e+00,-2.879387499999999989e+01,-2.624923100000000176e+01,-4.941923700000000252e+01,-1.214385799999999982e+01,-7.340394499999999312e+01,-3.180711600000000061e+01,-4.586534499999999781e+01,-1.339188299999999998e+01,-2.567041899999999899e+01,-3.805331699999999984e+01,-7.408190000000000275e+00,-4.248019000000000034e+01,-5.262037999999999727e+01,-1.305398100000000028e+01,-3.856515300000000224e+01,-5.001430599999999771e+01,-6.964381799999999600e+01,-2.471825499999999920e+01,-2.760672800000000038e+01,-3.180915900000000107e+01,-2.509799599999999842e+01,-2.924475800000000092e+01,-2.306830499999999873e+01,-1.956274700000000166e+01,-1.699274000000000129e+01,-2.359233000000000047e+01,-2.896692600000000084e+01,-1.738210199999999972e+01,-3.474623600000000323e+01,-4.371845400000000126e+01,-3.908025599999999855e+01,-3.008068300000000050e+01,-4.781066400000000272e+01,3.272797000000000178e+00,-2.834849099999999922e+01,-5.196555299999999988e+01,-4.882922800000000052e+01,-1.995569700000000068e+01,-7.355932300000000623e+01,-1.760449099999999945e+01,-9.016245700000000340e+01,-6.970575000000000188e+00,-1.068111599999999939e+01,-2.077899400000000085e+01,-3.234648700000000332e+01,-7.087197100000000205e+01,-1.289830899999999936e+01,-4.084161799999999687e+01,-3.542146300000000281e+01,4.628967399999999799e+01,-1.008309799999999967e+01,6.202769999999999673e-01,-1.179491799999999913e+01,-1.854428800000000166e+01,-4.455932899999999819e+01,-1.800397500000000051e+01,-2.737763599999999897e+01,-1.825939999999999941e+01,-1.742794599999999861e+01,-1.319691500000000062e+01,-1.768399600000000049e+01,-1.354981199999999930e+01,-9.028617000000000559e+00,5.991958000000000339e+00,1.539576000000000056e+00,-1.267404999999999893e+00,-1.707951500000000067e+01,-2.112530599999999836e+01,-6.771452000000000027e+00,-2.796239399999999975e+01,1.704402999999999890e+00,1.392020000000000035e+00,-6.452244999999999564e+00,-5.731284999999999741e+00,-3.651721999999999912e+00,-1.645493000000000094e+00,3.354256000000000171e+01,2.664257000000000097e+00,-1.792723000000000066e+00,-5.682872199999999907e+01,-2.759791399999999939e+01,-1.008710899999999988e+01,-4.269600999999999758e+00,-1.460152199999999922e+01,-1.481560200000000016e+01,-1.459992399999999968e+01,1.047398000000000025e+02
-4.183171800000000218e+01,-6.063531799999999805e+01,-2.875781100000000023e+01,-4.710963600000000184e+01,-1.509586599999999912e+01,-2.263274200000000036e+01,-2.765754000000000090e+01,-6.101441499999999962e+01,-1.951877100000000098e+01,-2.463628200000000135e+01,-4.549093100000000334e+01,-4.364012699999999967e+01,-1.705800199999999833e+01,-3.793334699999999771e+01,-4.717734500000000253e+01,-3.039533899999999988e+01,-2.360159399999999863e+01,-2.654790399999999906e+01,-1.343601199999999984e+01,-7.860068400000000111e+01,-3.580712900000000332e+01,-2.412624299999999877e+01,-5.264189100000000110e+01,-8.085921299999999690e+01,-1.707516899999999893e+01,-5.635355700000000212e+01,-1.615088000000000079e+01,-5.714722700000000088e+01,-1.515352500000000013e+01,-2.865456599999999909e+01,-2.987218999999999980e+01,-6.539687700000000348e+01,-1.715022700000000100e+01,-9.723112999999999317e+01,-3.240394799999999975e+01,-5.809786799999999829e+01,-1.716382700000000128e+01,-3.580358799999999775e+01,-4.592840199999999840e+01,-1.340539000000000058e+01,-3.454559900000000283e+01,-7.903937500000000682e+01,-3.261693799999999754e+01,-6.293324199999999990e+01,-6.174561200000000127e+01,-9.113270599999999888e+01,-4.092291099999999915e+01,-4.869420600000000121e+01,-5.279358899999999721e+01,-3.349482400000000126e+01,-4.580469200000000285e+01,-2.843936800000000176e+01,-2.793702700000000050e+01,-3.415119599999999878e+01,-3.494173099999999721e+01,-4.027865200000000101e+01,-2.896444800000000086e+01,-4.481738800000000111e+01,-6.533643299999999954e+01,-5.781983499999999765e+01,-4.477563899999999819e+01,-6.952594700000000216e+01,-5.382887000000000199e+00,-3.582744100000000032e+01,-7.119180099999999811e+01,-6.951922799999999825e+01,-3.158266300000000015e+01,-1.114463120000000060e+02,-2.457051699999999883e+01,-1.040238879999999995e+02,-5.852395999999999709e+00,-1.144649000000000072e+01,-1.668402199999999880e+01,-4.217300300000000135e+01,-7.735817600000000027e+01,-1.860220599999999891e+01,-4.779384300000000252e+01,-5.161363399999999757e+01,3.738083000000000045e+00,-2.425003999999999849e+01,-1.817736000000000018e+01,-2.644965300000000141e+01,-2.519666099999999886e+01,-5.632062400000000224e+01,-3.100592999999999932e+01,-3.806464199999999920e+01,-2.148405699999999996e+01,-2.793406099999999981e+01,-2.416614200000000068e+01,-2.660127500000000111e+01,-2.030582700000000074e+01,-1.143984799999999957e+01,2.708245999999999931e+00,-1.190580999999999889e+00,-1.396802399999999977e+01,-2.232102599999999981e+01,-3.555303399999999669e+01,-1.584332700000000038e+01,-4.562494699999999881e+01,-8.480517000000000749e+00,4.259850000000000136e+00,-3.464674000000000031e+00,-4.902252999999999972e+00,-4.071151000000000408e+00,1.124020000000000019e-01,2.884931699999999921e+01,-1.201776500000000070e+01,-1.197226000000000035e+01,-6.549921199999999999e+01,-4.072805300000000273e+01,-4.255671900000000107e+01,-1.918076200000000142e+01,-2.359846200000000138e+01,-2.966315600000000074e+01,-3.222799700000000200e+01,8.961051899999999648e+01
-5.096222499999999656e+01,-6.582443999999999562e+01,-3.573664099999999877e+01,-5.503581899999999649e+01,-1.448017600000000016e+01,-2.698620500000000177e+01,-3.377736500000000319e+01,-7.022020899999999699e+01,-1.840669300000000064e+01,-2.758128400000000013e+01,-6.012080199999999763e+01,-5.011533699999999669e+01,-2.543717499999999987e+01,-4.345507099999999667e+01,-5.019796500000000350e+01,-3.020321099999999959e+01,-2.759285500000000013e+01,-2.450252000000000052e+01,-1.611076999999999870e+01,-7.733095600000000047e+01,-4.581410499999999786e+01,-3.992862600000000128e+01,-6.410376899999999978e+01,-1.040495269999999977e+02,-2.034519099999999980e+01,-6.724743100000000595e+01,-2.542779900000000026e+01,-6.796332300000000259e+01,-1.811682700000000068e+01,-1.899773199999999918e+01,-2.936230199999999968e+01,-7.163075000000000614e+01,-1.752406999999999826e+01,-1.004732910000000032e+02,-2.693597700000000117e+01,-6.681100499999999442e+01,-1.418636200000000080e+01,-3.496610900000000299e+01,-4.608778499999999667e+01,-1.916692099999999854e+01,-2.171864499999999865e+01,-8.509339500000000100e+01,-3.744897100000000023e+01,-6.188980399999999804e+01,-5.721578600000000137e+01,-8.654539800000000582e+01,-4.140740999999999872e+01,-5.413337599999999838e+01,-6.224088900000000280e+01,-3.263294499999999942e+01,-5.115919399999999939e+01,-2.568235800000000069e+01,-2.718410000000000082e+01,-3.661223400000000083e+01,-3.724704200000000043e+01,-3.657396200000000164e+01,-3.063947200000000137e+01,-4.318574300000000221e+01,-7.246985100000000557e+01,-6.575384400000000085e+01,-5.346738799999999969e+01,-7.732606800000000646e+01,-1.310145299999999935e+01,-3.655742800000000159e+01,-8.205914799999999332e+01,-7.418385899999999822e+01,-3.461510899999999680e+01,-1.263565499999999986e+02,-1.908811899999999895e+01,-8.718520800000000293e+01,-2.794824999999999893e+00,-1.200233000000000061e+01,-6.605520000000000280e+00,-3.679587999999999681e+01,-5.574231000000000336e+01,-2.037554599999999994e+01,-3.856344599999999900e+01,-5.017367800000000244e+01,-2.104218799999999945e+01,-2.298364499999999921e+01,-2.589616900000000044e+01,-3.060666300000000106e+01,-2.475450100000000120e+01,-5.624138700000000313e+01,-3.645029399999999953e+01,-3.764537399999999678e+01,-1.972673199999999838e+01,-3.123711399999999827e+01,-3.031918200000000141e+01,-2.913072199999999867e+01,-2.330277900000000102e+01,-1.364795600000000064e+01,-3.541891000000000123e+00,-6.836335000000000051e+00,-1.751734700000000089e+01,-2.232441999999999993e+01,-3.798946300000000065e+01,-1.594952600000000054e+01,-5.031594299999999720e+01,-1.503669400000000067e+01,3.955925999999999831e+00,-1.578972999999999960e+00,-4.180454000000000114e+00,-3.737623999999999835e+00,-6.230019999999999447e-01,1.339450000000000085e-01,-2.670269599999999954e+01,-2.610265499999999861e+01,-5.569940199999999919e+01,-3.838395299999999821e+01,-5.822866499999999945e+01,-2.800057899999999833e+01,-2.726874499999999912e+01,-3.548413000000000039e+01,-3.584258899999999670e+01,3.731343499999999835e+01
-4.592911600000000050e+01,-5.426958199999999977e+01,-3.420164199999999965e+01,-4.930101599999999706e+01,-1.319753299999999996e+01,-2.417381999999999920e+01,-3.166089900000000057e+01,-6.044051600000000235e+01,-1.654097700000000160e+01,-2.378137900000000116e+01,-5.832043800000000289e+01,-4.442752600000000029e+01,-2.717975900000000067e+01,-3.628588799999999992e+01,-4.333832400000000007e+01,-2.320416700000000176e+01,-1.601794399999999996e+01,-7.785574999999999690e+00,-1.474489999999999945e+01,-5.325370499999999652e+01,-4.654523799999999767e+01,-4.290426000000000073e+01,-6.046420299999999770e+01,-1.019690240000000045e+02,-1.811968699999999899e+01,-6.241595699999999880e+01,-2.749443399999999826e+01,-6.166455100000000300e+01,-1.375029499999999949e+01,-4.744374999999999787e+00,-2.421356499999999912e+01,-6.431697200000000691e+01,-1.349752600000000058e+01,-8.033184199999999464e+01,-1.704166199999999876e+01,-6.587274700000000394e+01,-6.928600000000000314e+00,-2.329512899999999931e+01,-3.867377400000000165e+01,-2.219794500000000070e+01,-9.437421000000000504e+00,-6.660160999999999376e+01,-2.912307600000000107e+01,-4.066590000000000060e+01,-3.997662199999999899e+01,-6.311360100000000273e+01,-2.947559000000000040e+01,-4.336576999999999771e+01,-5.603847700000000032e+01,-2.483166999999999902e+01,-4.418828899999999749e+01,-1.853390900000000130e+01,-2.041596099999999936e+01,-2.694806399999999869e+01,-3.095496400000000037e+01,-2.207333099999999959e+01,-2.270859799999999851e+01,-2.972442600000000112e+01,-6.218701500000000237e+01,-5.879085800000000006e+01,-5.054429900000000231e+01,-6.801371600000000228e+01,-1.437166599999999939e+01,-2.884540099999999896e+01,-7.950384800000000496e+01,-6.272511599999999987e+01,-2.766822900000000018e+01,-1.125639189999999985e+02,-4.534969000000000250e+00,-4.706345699999999965e+01,-7.161030000000000451e-01,-1.231167400000000001e+01,4.625240999999999936e+00,-2.052044899999999927e+01,-2.166451999999999956e+01,-1.735023100000000085e+01,-1.850508200000000159e+01,-3.264340500000000134e+01,-1.326151400000000002e+01,-5.325853000000000392e+00,-1.789850799999999964e+01,-2.042130300000000176e+01,-1.779472499999999968e+01,-4.402893100000000004e+01,-3.237339800000000167e+01,-2.702832199999999929e+01,-1.423331499999999927e+01,-2.601661700000000010e+01,-2.897729800000000111e+01,-2.450302500000000094e+01,-2.227847300000000175e+01,-1.506165200000000048e+01,-1.052444599999999930e+01,-1.288228200000000001e+01,-1.117495300000000036e+01,-1.757097100000000012e+01,-2.815328999999999837e+01,-8.374404000000000181e+00,-4.166867500000000035e+01,-1.498859599999999936e+01,2.024430000000000118e-01,-2.380469999999999864e+00,-3.882846999999999937e+00,-3.192423999999999928e+00,-3.295303000000000093e+00,-3.622312500000000313e+01,-3.432741699999999696e+01,-3.747899000000000314e+01,-2.758125700000000080e+01,-2.229387600000000091e+01,-4.934918400000000105e+01,-2.730898499999999984e+01,-2.657316199999999995e+01,-2.980703499999999906e+01,-2.609692300000000031e+01,-2.126081299999999885e+01
-3.007233799999999846e+01,-3.023279399999999839e+01,-2.452859099999999870e+01,-3.333834300000000184e+01,-1.203968700000000069e+01,-1.707530500000000018e+01,-2.191046400000000105e+01,-3.775475099999999884e+01,-1.496247299999999925e+01,-1.667124300000000048e+01,-4.156187099999999646e+01,-3.013418700000000072e+01,-2.205401700000000176e+01,-2.029256499999999974e+01,-3.173351900000000114e+01,-1.438310700000000075e+01,2.516315000000000079e+00,1.362364299999999950e+01,-1.086064299999999960e+01,-1.731089000000000055e+01,-3.740509500000000287e+01,-3.615669599999999662e+01,-4.405810900000000174e+01,-7.588037900000000491e+01,-1.206860200000000027e+01,-4.509259000000000128e+01,-2.232710499999999954e+01,-4.414439899999999994e+01,-4.872860000000000191e+00,6.637203999999999660e+00,-1.587993799999999922e+01,-4.541958900000000199e+01,-7.491749000000000436e+00,-4.460603700000000060e+01,-5.801898999999999695e+00,-5.264054200000000350e+01,-2.134429999999999938e-01,-6.622696000000000360e+00,-2.676974200000000081e+01,-2.142323199999999872e+01,-1.015141000000000071e+00,-3.298599800000000215e+01,-1.516571099999999994e+01,-1.403658500000000053e+01,-1.817864199999999997e+01,-3.544564100000000195e+01,-1.364829399999999993e+01,-2.351900699999999844e+01,-3.693895299999999793e+01,-1.460924699999999987e+01,-2.927428600000000003e+01,-1.187282899999999941e+01,-1.256188900000000075e+01,-1.302710800000000013e+01,-2.007117699999999871e+01,-6.125949999999999562e+00,-1.038239300000000043e+01,-1.065750300000000017e+01,-3.910163299999999964e+01,-3.901350500000000210e+01,-3.598851100000000258e+01,-4.577903200000000083e+01,-8.343680000000000874e+00,-1.530447200000000052e+01,-6.395170699999999897e+01,-4.173939299999999974e+01,-1.405504799999999932e+01,-7.645278199999999913e+01,1.184077399999999969e+01,-1.093650000000000011e+00,-1.859221000000000013e+00,-1.186406000000000027e+01,1.125497000000000014e+01,-3.447182000000000190e+00,3.762049999999999894e+00,-1.196204200000000029e+01,1.715225000000000000e+00,-9.277046999999999599e+00,1.869928399999999868e+01,1.910528800000000160e+01,1.553200000000000067e-02,-1.313968000000000025e+00,-8.289078999999999198e+00,-2.532987400000000022e+01,-2.154583299999999824e+01,-1.253394899999999978e+01,-7.586343000000000281e+00,-1.566062400000000032e+01,-2.127852700000000041e+01,-1.553293599999999941e+01,-1.845297599999999960e+01,-1.519674299999999967e+01,-1.561337900000000012e+01,-1.634776799999999852e+01,-1.043701999999999908e+00,-1.092428100000000057e+01,-1.156854700000000058e+01,9.234799999999999676e-01,-2.565712900000000118e+01,-9.308154000000000039e+00,-4.829113999999999685e+00,-5.612720999999999627e+00,-3.826966000000000090e+00,-2.989660999999999902e+00,-5.717304000000000386e+00,-5.815467999999999904e+01,-3.092580099999999987e+01,-3.971988600000000247e+01,8.129270999999999248e+00,-1.532073999999999936e+00,-2.141728300000000118e+01,-1.931580100000000044e+01,-2.507031399999999977e+01,-1.674490099999999870e+01,-1.110262999999999955e+01,-5.414468699999999757e+01
-1.134420800000000007e+01,-3.949317000000000188e+00,-1.088521199999999922e+01,-1.469727800000000073e+01,-1.179276199999999974e+01,-1.022609800000000035e+01,-8.919482999999999606e+00,-1.343528700000000065e+01,-1.492126999999999981e+01,-1.065215300000000020e+01,-1.847005300000000005e+01,-1.381397800000000053e+01,-1.335439299999999996e+01,-3.220889000000000113e+00,-2.175750899999999888e+01,-9.398998000000000630e+00,1.561009899999999995e+01,2.619331100000000134e+01,-6.507175000000000153e+00,1.488122899999999937e+01,-2.229436600000000013e+01,-2.685098500000000143e+01,-2.261230400000000174e+01,-3.814007800000000259e+01,-5.668378999999999834e+00,-2.365164199999999894e+01,-1.330018399999999978e+01,-2.491196300000000008e+01,2.629344999999999821e+00,9.461622999999999450e+00,-7.194365000000000343e+00,-2.219143000000000043e+01,-2.385803999999999814e+00,-7.564278999999999975e+00,3.590634000000000103e+00,-3.008549999999999969e+01,2.197252999999999901e+00,7.077607999999999677e+00,-1.441567500000000024e+01,-1.745184899999999928e+01,3.369492999999999849e+00,-1.850788000000000100e+00,-3.350978000000000012e+00,4.153876000000000346e+00,6.200459999999999861e-01,-1.523850900000000053e+01,-1.623011999999999899e+00,-4.390309000000000239e+00,-1.247516899999999929e+01,-5.413399000000000072e+00,-1.304593500000000006e+01,-7.883199000000000289e+00,-6.718145999999999951e+00,-2.005023000000000000e+00,-9.181051999999999325e+00,3.498657999999999824e+00,-2.859639999999999960e-01,5.022745999999999711e+00,-1.258564699999999981e+01,-1.356320000000000014e+01,-1.586918700000000015e+01,-1.972620399999999918e+01,5.071560000000000512e-01,-1.882300000000000084e+00,-4.076695600000000042e+01,-1.996615600000000157e+01,2.391060000000000130e-01,-3.232328799999999802e+01,2.305142299999999977e+01,3.259677599999999842e+01,-5.990975999999999857e+00,-1.009315499999999943e+01,9.890570000000000306e+00,5.231272999999999840e+00,7.762203000000000408e+00,-8.346636000000000166e+00,1.261356999999999928e+01,7.596593000000000373e+00,4.977630700000000274e+01,3.640518600000000049e+01,1.570329399999999964e+01,1.539984800000000043e+01,-9.696569999999999911e-01,-8.382554000000000727e+00,-9.349607999999999919e+00,-1.400176000000000087e+00,-2.125487999999999822e+00,-5.657645999999999731e+00,-1.120893900000000087e+01,-6.421556999999999960e+00,-1.347002900000000025e+01,-1.372909300000000066e+01,-1.688649900000000059e+01,-1.546893000000000029e+01,4.469262999999999764e+00,-5.643970999999999627e+00,3.912392000000000092e+00,5.524727999999999639e+00,-1.040132700000000021e+01,-1.954291000000000000e+00,-7.900532000000000110e+00,-9.193151000000000295e+00,-3.652150999999999925e+00,-3.274626000000000037e+00,-5.623204000000000313e+00,-5.216217100000000073e+01,-1.815566199999999952e+01,-3.068569400000000158e+01,3.568157000000000068e+01,1.323557500000000076e+01,1.033162199999999942e+01,-9.591948999999999614e+00,-2.474231299999999933e+01,-3.843732000000000149e+00,-4.569659999999999833e-01,-4.750062700000000149e+01
2.351799999999999891e+00,1.426205900000000071e+01,1.045303000000000093e+00,-7.018999999999999684e-01,-1.256196899999999950e+01,-6.491341000000000250e+00,1.625075000000000047e+00,2.698942999999999870e+00,-1.681626400000000032e+01,-8.004555999999999116e+00,5.408359999999999834e-01,-1.527342999999999895e+00,-5.545560000000000045e+00,7.656778000000000084e+00,-1.663784100000000166e+01,-1.058644499999999944e+01,1.538868899999999940e+01,2.194530400000000014e+01,-3.036433000000000160e+00,3.149180300000000088e+01,-7.190858000000000416e+00,-2.047082800000000091e+01,-4.447453999999999574e+00,-4.820303000000000004e+00,-1.834419999999999940e+00,-6.431394000000000055e+00,-4.709702000000000055e+00,-1.084735799999999983e+01,3.851395999999999820e+00,3.180311999999999806e+00,-8.584279999999999688e-01,-3.457497000000000043e+00,3.543540000000000023e-01,1.760812900000000170e+01,9.164445000000000618e+00,-5.663248000000000282e+00,8.327400000000000080e-02,1.241706300000000063e+01,-4.360111999999999988e+00,-1.184002699999999919e+01,5.233600000000000030e+00,1.197746500000000047e+01,3.193233000000000210e+00,9.614955999999999392e+00,1.323388500000000079e+01,-4.633409000000000333e+00,4.301689999999999792e+00,7.477979000000000376e+00,9.200362000000000151e+00,2.005218999999999863e+00,-3.853659999999999863e-01,-4.766512999999999778e+00,-2.524929999999999897e+00,4.029391999999999641e+00,-7.005580000000000140e-01,5.514160999999999646e+00,3.601141999999999843e+00,1.092232599999999998e+01,8.191088000000000591e+00,9.005444000000000671e+00,8.944520000000000248e-01,8.738620000000000276e-01,5.602718000000000309e+00,5.374876000000000431e+00,-1.729262800000000055e+01,-3.480249000000000148e+00,9.892740999999999119e+00,5.201451999999999742e+00,2.573249099999999956e+01,4.434169800000000095e+01,-1.039716199999999979e+01,-7.086114000000000246e+00,1.534766000000000075e+00,2.873428999999999789e+00,-6.832162000000000290e+00,-9.345520999999999745e+00,1.137008900000000011e+01,1.124907199999999996e+01,5.603720100000000315e+01,3.739573399999999737e+01,1.901744100000000159e+01,1.994339400000000140e+01,1.636703000000000019e+00,8.914640000000000342e-01,-3.882349999999999968e-01,2.860781999999999936e+00,1.234328000000000092e+00,1.712069999999999981e-01,-3.024426000000000059e+00,-5.822100000000000192e-02,-8.457378999999999536e+00,-1.065821599999999947e+01,-1.399287799999999926e+01,-1.065284300000000073e+01,6.506110000000000504e-01,-3.324422999999999906e+00,1.259126900000000049e+01,2.832968000000000153e+00,-1.074287999999999910e+00,2.962140999999999913e+00,-7.007426999999999850e+00,-1.051450900000000033e+01,-3.269029999999999880e+00,-3.688435999999999826e+00,-2.457967000000000013e+00,-2.240276400000000123e+01,-2.401911000000000129e+00,-1.411899299999999968e+01,4.304814199999999857e+01,1.599665599999999976e+01,3.058348200000000006e+01,-2.861963999999999952e+00,-2.374597699999999989e+01,3.023887000000000214e+00,1.360894000000000048e+00,-1.252471700000000077e+01
7.333104999999999762e+00,1.956677300000000130e+01,7.048030999999999935e+00,5.081122999999999834e+00,-1.362283500000000025e+01,-5.508135000000000225e+00,5.862927000000000000e+00,7.198122999999999827e+00,-1.962898900000000069e+01,-7.808838999999999864e+00,9.230059000000000680e+00,3.873667000000000193e+00,-1.459983000000000031e+00,9.197501000000000815e+00,-1.477837399999999946e+01,-1.543234099999999920e+01,3.341705999999999843e+00,3.813292000000000126e+00,-6.215629999999999766e-01,3.006607199999999835e+01,3.008713000000000193e+00,-1.742846700000000126e+01,5.825618000000000407e+00,1.305993999999999922e+01,-1.313555000000000028e+00,2.389206999999999859e+00,7.621390000000000109e-01,-2.913091999999999793e+00,-1.726080000000000059e+00,-7.453319999999999723e+00,1.921923999999999966e+00,4.977654000000000245e+00,1.322681999999999913e+00,2.511760400000000004e+01,1.072659499999999966e+01,1.233952700000000036e+01,-3.470075000000000021e+00,9.346724999999999284e+00,2.878427999999999987e+00,-6.106675000000000075e+00,5.311871000000000009e+00,5.346620999999999846e+00,6.713415999999999606e+00,8.517253000000000185e+00,2.089579799999999921e+01,2.374397999999999787e+00,7.299958000000000169e+00,1.159059399999999940e+01,2.287527100000000146e+01,8.644545000000000812e+00,7.561218000000000217e+00,1.008841000000000099e+00,2.393463999999999814e+00,7.792943000000000175e+00,5.729706000000000188e+00,4.757736999999999661e+00,1.874365000000000059e+00,6.776455999999999591e+00,1.838571100000000058e+01,2.263064299999999918e+01,7.490845000000000198e+00,1.074618399999999951e+01,2.952227999999999852e+00,3.748947999999999947e+00,4.720429999999999904e-01,6.355370999999999881e+00,1.280712899999999976e+01,2.742380500000000154e+01,2.099668199999999985e+01,3.651826299999999748e+01,-1.175201599999999935e+01,-4.001015999999999906e+00,-9.022128999999999621e+00,-5.786310000000000286e+00,-2.534829900000000080e+01,-1.433860899999999994e+01,2.768447000000000102e+00,4.024104000000000347e+00,3.105740899999999982e+01,2.310853799999999936e+01,8.428589000000000553e+00,1.037454900000000002e+01,4.165809999999999791e-01,1.942080999999999946e+00,3.812605000000000022e+00,1.983907000000000087e+00,3.046733000000000136e+00,1.819819999999999993e+00,1.113909999999999956e+00,3.236661999999999928e+00,-3.859607000000000010e+00,-6.545700000000000074e+00,-8.392721999999999127e+00,-4.174013000000000417e+00,-1.037189200000000078e+01,-3.224591000000000207e+00,1.350858700000000034e+01,-4.494193000000000104e+00,2.466966000000000214e+00,3.809953999999999841e+00,-2.924603999999999981e+00,-8.218128000000000100e+00,-3.035013999999999879e+00,-3.688318000000000207e+00,1.954269000000000034e+00,1.167239400000000060e+01,9.035767999999999134e+00,2.252133000000000163e+00,2.825472600000000156e+01,8.176543999999999812e+00,3.320457799999999793e+01,-7.250500000000000000e-02,-1.809159400000000062e+01,3.147564000000000028e+00,-2.419601999999999808e+00,2.388429700000000011e+01
5.312920000000000087e+00,1.436189000000000071e+01,6.289616999999999791e+00,3.638492999999999977e+00,-1.398256800000000055e+01,-4.865460999999999814e+00,3.574002999999999819e+00,3.379751999999999867e+00,-2.144394300000000086e+01,-7.464451000000000391e+00,8.256403000000000603e+00,3.307021999999999906e+00,-9.638430000000000053e-01,3.361486999999999892e+00,-1.195237599999999922e+01,-1.866289199999999937e+01,-1.148072600000000065e+01,-1.653436500000000109e+01,1.283563999999999927e+00,1.711095200000000105e+01,6.451100000000000279e+00,-1.430715900000000040e+01,8.510884000000000782e+00,1.419317999999999991e+01,-2.832593999999999834e+00,3.479430999999999941e+00,2.968662000000000134e+00,2.285988000000000131e+00,-9.983112999999999460e+00,-1.554699199999999948e+01,1.700312000000000046e+00,2.863185000000000091e+00,2.197705000000000020e+00,1.804611600000000138e+01,9.354991000000000057e+00,1.874076499999999967e+01,-4.760664000000000229e+00,2.281867999999999785e+00,8.129652000000000100e+00,-1.250715999999999939e+00,2.196244999999999781e+00,-1.247569099999999942e+01,1.134269100000000030e+01,1.070317099999999932e+01,2.617064999999999841e+01,1.240160900000000055e+01,1.201869800000000055e+01,1.168355200000000060e+01,2.744027699999999825e+01,1.495512300000000039e+01,1.238659799999999933e+01,1.079366699999999923e+01,9.356749000000000649e+00,1.274830599999999947e+01,1.154979699999999987e+01,7.196544000000000274e+00,-1.575547999999999949e+00,-2.140219000000000094e+00,1.861192300000000088e+01,2.576984699999999862e+01,2.820761000000000074e+00,1.004881499999999939e+01,-6.072646999999999906e+00,-4.743799000000000099e+00,9.695154000000000494e+00,1.147819499999999948e+01,1.045693699999999993e+01,3.334188699999999983e+01,1.275667900000000010e+01,1.983798799999999929e+01,-8.535235999999999379e+00,-2.687901000000000096e+00,-1.613252900000000167e+01,-1.283019600000000082e+01,-3.265239900000000262e+01,-1.953967600000000004e+01,-4.774961000000000233e+00,-5.498601999999999990e+00,-1.043256300000000003e+01,3.199784999999999879e+00,-8.582784999999999442e+00,-6.557355000000000267e+00,-1.613110999999999962e+00,-1.236066000000000109e+00,4.656692999999999749e+00,5.661990000000000078e-01,4.352915999999999563e+00,2.180763999999999925e+00,1.773654000000000064e+00,4.856251000000000317e+00,5.381999999999999632e-03,-2.614755999999999858e+00,-2.788171999999999873e+00,1.094848999999999961e+00,-2.152281999999999940e+01,-3.369959000000000149e+00,9.703697999999999269e+00,-1.086067199999999922e+01,3.908201000000000036e+00,2.023546000000000067e+00,1.193022999999999945e+00,-3.260123000000000104e+00,-3.503311000000000064e+00,-3.057189000000000156e+00,4.423129000000000310e+00,2.761195199999999872e+01,1.214472199999999980e+01,1.109952299999999958e+01,-4.448079999999999812e-01,-3.474177000000000071e+00,2.374898500000000112e+01,1.224256999999999929e+00,-5.807389999999999830e+00,5.885740000000000416e-01,-3.968363999999999780e+00,3.759035699999999736e+01
1.193097000000000074e+00,5.493864000000000303e+00,1.157802999999999916e+00,-1.347555999999999976e+00,-1.323259700000000016e+01,-2.774315000000000087e+00,-2.289191999999999894e+00,-2.368487000000000009e+00,-2.079647599999999841e+01,-5.351922000000000068e+00,3.270575000000000010e+00,2.567499999999999991e-02,-1.812727999999999895e+00,-4.684743000000000102e+00,-5.530371999999999844e+00,-1.637525600000000026e+01,-1.925454799999999977e+01,-2.676775299999999902e+01,3.056646000000000196e+00,2.619127999999999901e+00,4.271144999999999747e+00,-8.170531000000000432e+00,6.799834999999999852e+00,5.210486999999999647e+00,-4.583052999999999599e+00,-1.588300000000000128e-02,3.327463999999999977e+00,7.998104999999999798e+00,-1.523046000000000078e+01,-1.647414099999999948e+01,-1.154209999999999958e-01,-5.446678999999999604e+00,4.003593000000000401e+00,4.779009000000000285e+00,6.272926000000000002e+00,1.347601700000000058e+01,-2.513427000000000078e+00,-3.477882999999999836e+00,1.179816600000000015e+01,2.087283000000000222e+00,-6.653480000000000061e+00,-2.736683100000000124e+01,1.854732900000000129e+01,2.087656099999999881e+01,2.965722699999999890e+01,2.558288100000000043e+01,1.992665699999999873e+01,1.133145400000000080e+01,2.476089100000000087e+01,1.947309200000000118e+01,1.578084100000000056e+01,2.149837300000000084e+01,1.663713299999999862e+01,1.900556299999999865e+01,1.693946000000000041e+01,1.445047199999999954e+01,-2.841930000000000067e+00,-9.081587000000000742e+00,1.304566200000000009e+01,2.087906399999999962e+01,-8.363965000000000316e+00,2.876649000000000012e+00,-1.576886200000000038e+01,-1.479646699999999981e+01,1.056295899999999932e+01,1.408138800000000046e+01,6.147663999999999795e+00,2.718851099999999832e+01,4.962617999999999974e+00,5.355987999999999971e+00,-2.228216000000000196e+00,-4.544075999999999560e+00,-1.665837199999999996e+01,-1.303068099999999951e+01,-2.362659800000000132e+01,-2.057518599999999864e+01,-5.129675999999999902e+00,-9.209882999999999598e+00,-4.354546700000000214e+01,-1.115086699999999986e+01,-2.127140500000000145e+01,-2.035619900000000015e+01,-1.943252999999999897e+00,-3.939427999999999930e+00,4.420867999999999576e+00,1.923893000000000075e+00,5.541038000000000352e+00,4.021194000000000379e+00,1.002864999999999895e+00,5.959660000000000402e+00,2.347862000000000116e+00,-4.698430000000000106e-01,8.225399999999999379e-02,3.085526000000000213e+00,-2.618758000000000052e+01,-2.456125000000000114e+00,5.117767999999999873e+00,-1.203965400000000052e+01,6.346979000000000148e+00,3.883130000000000193e-01,1.948719000000000090e+00,1.485927999999999916e+00,-4.955313000000000301e+00,-2.207629999999999981e+00,2.428967999999999794e+00,1.393085100000000054e+01,8.026111000000000217e+00,9.636637000000000342e+00,-3.002703199999999839e+01,-1.201063500000000062e+01,1.367326000000000086e+01,3.815211999999999826e+00,1.007373300000000071e+01,4.913620000000000210e-01,2.753692000000000029e+00,2.196345399999999870e+01
-6.701019999999999754e-01,-6.826529999999999543e-01,-4.617715999999999710e+00,-6.268577999999999761e+00,-1.197535599999999967e+01,1.320399999999999907e-01,-7.791984000000000243e+00,-5.328219999999999956e+00,-1.784994899999999873e+01,-2.359971999999999959e+00,2.255580000000000085e-01,-2.585112000000000076e+00,-1.786621000000000015e+00,-9.821811000000000291e+00,2.708772999999999875e+00,-9.087077000000000737e+00,-1.606876400000000160e+01,-2.205187799999999854e+01,4.373826000000000214e+00,-6.343341999999999814e+00,-8.673189999999999511e-01,-4.520999999999999845e-03,3.629477000000000064e+00,-5.343649000000000093e+00,-5.678447000000000244e+00,-5.449456999999999773e+00,3.100216000000000083e+00,1.385607300000000031e+01,-1.430052700000000065e+01,-1.060091800000000006e+01,-2.486845999999999890e+00,-1.439658799999999950e+01,6.047850999999999644e+00,-6.656216999999999828e+00,1.995529000000000108e+00,8.836079999999999490e-01,1.062213999999999992e+00,-5.311994999999999578e+00,1.282203499999999963e+01,3.303538000000000086e+00,-2.215503100000000103e+01,-3.043880300000000005e+01,2.532458700000000107e+01,3.466925599999999719e+01,2.934151800000000065e+01,3.485629300000000086e+01,2.773374700000000104e+01,1.077809899999999921e+01,1.778497700000000137e+01,1.976475800000000049e+01,1.766854599999999920e+01,2.712598699999999852e+01,2.034712400000000088e+01,2.277291999999999916e+01,1.994746100000000055e+01,2.223932299999999884e+01,-7.763139999999999485e-01,-1.035325100000000020e+01,6.332341999999999693e+00,1.231667000000000023e+01,-1.863068600000000075e+01,-5.639381000000000199e+00,-2.006028299999999831e+01,-2.104186199999999829e+01,5.078818000000000055e+00,1.462370300000000078e+01,2.628114000000000061e+00,1.456777899999999981e+01,-4.359040000000000137e-01,-2.208511000000000113e+00,3.612197999999999798e+00,-9.280965000000000131e+00,-1.159161800000000042e+01,-7.114112000000000435e+00,-5.477490999999999666e+00,-1.548995299999999986e+01,1.793660000000000032e+00,-5.015430000000000277e+00,-5.049787800000000004e+01,-1.456453699999999962e+01,-2.309362000000000137e+01,-2.382448600000000027e+01,-4.694920000000000204e-01,-4.503130999999999773e+00,4.159762999999999877e+00,5.505626999999999605e+00,5.989892000000000216e+00,7.402458000000000204e+00,4.100110000000000143e-01,6.227921000000000262e+00,1.995999000000000079e+00,-1.396468999999999960e+00,-1.231363999999999903e+00,1.305730000000000057e+00,-2.303968700000000069e+01,-9.984189999999999454e-01,1.664835000000000065e+00,-8.316171000000000646e+00,9.313114999999999810e+00,5.089909999999999712e-01,-1.901982999999999979e+00,2.907443000000000222e+00,-7.099096000000000295e+00,-2.001720000000000166e+00,-4.196646999999999572e+00,-2.343127499999999941e+01,1.313455999999999957e+00,9.224740000000000162e-01,-4.978415400000000091e+01,-1.472746300000000019e+01,1.076923400000000086e+01,7.824042999999999637e+00,2.253695199999999943e+01,4.978682000000000052e+00,1.702267399999999853e+01,-1.055928699999999942e+01
9.299610000000000376e-01,-1.859148000000000023e+00,-8.192356000000000193e+00,-9.310695000000000832e+00,-1.138866400000000034e+01,1.392910000000000093e+00,-1.033774400000000071e+01,-4.898587000000000025e+00,-1.440466200000000008e+01,-1.011757000000000017e+00,1.453683000000000058e+00,-2.597684999999999800e+00,-3.577759999999999829e-01,-9.526045999999999125e+00,7.576327000000000034e+00,-1.363310999999999940e+00,-5.832664000000000293e+00,-7.587494000000000405e+00,4.461784999999999890e+00,-8.724871999999999517e+00,-6.317423999999999928e+00,5.712331999999999965e+00,-4.691900000000000237e-02,-1.255381099999999961e+01,-6.438113999999999670e+00,-1.184586999999999968e+01,2.439541000000000182e+00,1.626375399999999871e+01,-8.613061000000000078e+00,-2.579632999999999843e+00,-5.241947999999999830e+00,-2.049608900000000133e+01,6.431481999999999921e+00,-1.249177500000000052e+01,-3.587021000000000015e+00,-1.286808399999999963e+01,2.018107999999999791e+00,-4.357981999999999800e+00,9.368318999999999619e+00,1.921332000000000040e+00,-4.120446599999999648e+01,-2.329441100000000020e+01,2.662973500000000016e+01,4.245015699999999725e+01,2.309653600000000040e+01,3.222714599999999763e+01,3.004916100000000156e+01,7.513175999999999632e+00,9.390924000000000049e+00,1.496571600000000046e+01,1.662400500000000036e+01,2.324610600000000105e+01,1.761219900000000038e+01,1.985264799999999852e+01,1.795277300000000054e+01,2.397969099999999898e+01,2.666891999999999818e+00,-7.137018999999999558e+00,1.457734000000000085e+00,4.285599000000000380e+00,-2.216759599999999963e+01,-1.167664700000000089e+01,-1.649606899999999854e+01,-2.092702099999999987e+01,-3.920205999999999857e+00,1.229415299999999966e+01,7.263140000000000152e-01,1.007630000000000053e-01,-3.772126999999999786e+00,-5.539724999999999788e+00,5.761052000000000284e+00,-1.453487800000000085e+01,-4.947166000000000174e+00,-3.239799999999999902e-01,9.010339000000000098e+00,-6.042257000000000211e+00,1.079855899999999913e+01,2.630700000000000038e+00,-3.185596200000000167e+01,-9.932994000000000767e+00,-1.554806999999999917e+01,-1.724309500000000028e+01,7.794330000000000425e-01,-5.026365000000000194e+00,3.233642999999999823e+00,7.762913000000000174e+00,4.777173000000000336e+00,9.650256999999999863e+00,1.229880000000000001e-01,4.394281999999999577e+00,-1.693901000000000101e+00,-5.526076999999999906e+00,-6.099172000000000260e+00,-3.252057999999999893e+00,-1.667419399999999996e+01,-8.049129999999999896e-01,-1.387075000000000058e+00,-4.157643000000000200e+00,9.378475999999999146e+00,1.515373000000000081e+00,-8.493971000000000160e+00,-4.052399999999999891e-01,-9.169254000000000460e+00,-3.145472999999999963e+00,-1.304529800000000073e+01,-6.590060800000000540e+01,-3.427826000000000040e+00,-8.389711999999999392e+00,-5.563499800000000306e+01,-1.398390700000000031e+01,1.314475000000000016e+01,1.034907600000000016e+01,2.521807799999999844e+01,1.164552199999999971e+01,3.138922900000000027e+01,-3.976531899999999808e+01
4.133856999999999893e+00,1.802050000000000041e-01,-8.783096000000000458e+00,-1.033793900000000043e+01,-1.216857700000000087e+01,-8.275419999999999998e-01,-9.656361000000000416e+00,-3.489180000000000170e+00,-1.256372600000000084e+01,-2.941911999999999860e+00,5.088422999999999696e+00,1.408310000000000117e-01,1.312197999999999976e+00,-4.449842000000000297e+00,4.686942000000000164e+00,1.741753000000000107e+00,3.522514999999999841e+00,5.936289000000000371e+00,2.891741999999999813e+00,-7.803727000000000302e+00,-1.015756400000000070e+01,4.942179000000000322e+00,-4.587093000000000309e+00,-1.651589600000000146e+01,-7.461229999999999585e+00,-1.879820700000000144e+01,8.517329999999999623e-01,1.210826499999999939e+01,-2.729352000000000000e+00,2.181954000000000171e+00,-8.491524999999999324e+00,-2.327193000000000112e+01,3.768340999999999941e+00,-1.333224399999999932e+01,-1.029401799999999945e+01,-2.251061100000000081e+01,-2.108476000000000017e+00,-3.650814000000000004e+00,7.971909999999999830e-01,-1.844724000000000030e+00,-5.670744599999999735e+01,-1.497356899999999946e+01,2.001555300000000059e+01,3.761883799999999667e+01,1.203682500000000033e+01,1.678254199999999940e+01,2.405524799999999885e+01,-1.351360000000000061e-01,2.286646000000000178e+00,7.627303000000000388e+00,1.197510300000000072e+01,1.104587000000000074e+01,9.455363999999999436e+00,1.017364800000000002e+01,1.032371200000000044e+01,1.661731800000000092e+01,4.501618999999999815e+00,-3.599836999999999954e+00,-4.706460000000000088e-01,-1.998560000000000059e-01,-1.756668600000000069e+01,-1.347418500000000030e+01,-7.547348000000000390e+00,-1.551555100000000031e+01,-1.304210999999999920e+01,7.079425999999999775e+00,-2.806060000000000221e-01,-1.257364699999999935e+01,-6.412129000000000190e+00,-1.009254999999999924e+01,3.493249000000000049e+00,-1.683550100000000072e+01,-8.120309999999999473e-01,2.218156000000000017e+00,1.155237299999999934e+01,3.552127000000000034e+00,1.571378900000000023e+01,7.115737000000000201e+00,-4.423585000000000100e+00,-4.775258000000000003e+00,-5.998751000000000388e+00,-7.045789000000000080e+00,-2.474929999999999908e-01,-8.595575000000000188e+00,6.307040000000000424e-01,5.570856000000000030e+00,1.836128999999999900e+00,7.863777999999999935e+00,-6.969929999999999737e-01,1.710300000000000015e-02,-7.760124000000000244e+00,-1.136825100000000077e+01,-1.200789699999999982e+01,-8.747811000000000448e+00,-1.361873300000000064e+01,-3.213160999999999934e+00,-5.546630000000000393e+00,-4.627628999999999770e+00,3.790331000000000117e+00,1.029752999999999918e+00,-1.400509599999999999e+01,-7.155776000000000359e+00,-1.033434899999999956e+01,-5.544849000000000139e+00,-2.042933999999999983e+01,-9.427513100000000179e+01,-4.608924000000000021e+00,-1.226942500000000003e+01,-4.982419900000000013e+01,-1.424703300000000006e+01,1.143709999999999916e+01,8.095076999999999856e+00,1.721282199999999918e+01,1.562055999999999933e+01,3.667800499999999886e+01,-5.255229400000000339e+01
6.262870000000000381e+00,2.357816000000000134e+00,-7.287342999999999904e+00,-9.658787000000000234e+00,-1.364661399999999958e+01,-5.569396000000000235e+00,-7.101659999999999862e+00,-3.333463000000000065e+00,-1.294740799999999936e+01,-6.885950000000000237e+00,7.677947999999999773e+00,4.671090999999999660e+00,1.824109999999999898e+00,2.799440000000000150e+00,-5.351445000000000007e+00,-1.252931000000000017e+00,6.280300000000000438e+00,1.030949599999999933e+01,2.140779999999999905e-01,-6.846372999999999820e+00,-1.110596400000000017e+01,-1.860792000000000002e+00,-9.701529999999999987e+00,-1.946794900000000084e+01,-8.495112000000000663e+00,-2.467199400000000153e+01,-1.583892000000000078e+00,2.471814999999999873e+00,-5.891220000000000345e-01,1.344735999999999931e+00,-1.160374000000000017e+01,-2.370410899999999899e+01,-1.255859000000000059e+00,-1.140306200000000025e+01,-1.674890900000000116e+01,-2.523801800000000028e+01,-1.005862100000000048e+01,-5.070720999999999812e+00,-1.074135099999999987e+01,-6.605990000000000251e+00,-6.056623700000000099e+01,-1.344835800000000070e+01,8.570850000000000080e+00,2.262806399999999840e+01,1.497665999999999942e+00,-2.444380999999999915e+00,1.236907500000000049e+01,-9.734374000000000748e+00,-9.063620000000000010e-01,2.898547000000000207e+00,5.501395999999999731e+00,-2.412656000000000134e+00,8.647399999999999531e-01,-7.171180000000000332e-01,-6.341000000000000282e-03,3.919042000000000137e+00,3.384482000000000212e+00,-3.032394000000000034e+00,7.626159999999999606e-01,5.092349999999999932e-01,-7.688035000000000174e+00,-1.083104999999999940e+01,1.469629999999999992e+00,-8.032413999999999277e+00,-1.847221800000000158e+01,1.229743000000000031e+00,-1.207799000000000067e+00,-1.986284399999999906e+01,-9.090248000000000772e+00,-1.779523899999999870e+01,-1.026108999999999938e+00,-1.355195800000000084e+01,-6.512499999999999956e-01,-4.040929999999999800e-01,4.052215999999999596e+00,9.406024999999999636e+00,1.389197500000000041e+01,5.248079999999999856e+00,1.178781799999999969e+01,-4.708997000000000099e+00,-1.573525999999999980e+00,-4.247850000000000237e-01,-3.470810999999999868e+00,-1.538969900000000024e+01,-3.276466000000000101e+00,-6.993819999999999482e-01,-1.474358999999999975e+00,1.847709000000000046e+00,-2.448417000000000066e+00,-5.186291999999999902e+00,-1.337579799999999963e+01,-1.612577999999999889e+01,-1.571631700000000009e+01,-1.318232099999999996e+01,-1.680351500000000087e+01,-7.559431000000000012e+00,-1.056713799999999992e+01,-1.116086800000000068e+01,-5.993853999999999793e+00,-2.416542999999999886e+00,-1.509662999999999933e+01,-1.390382600000000046e+01,-1.008940199999999976e+01,-8.091186999999999685e+00,-2.328142899999999926e+01,-9.938652600000000348e+01,-3.848789000000000016e+00,-8.743980000000000530e+00,-3.746921199999999885e+01,-1.784799299999999889e+01,-2.352965999999999891e+00,8.078349999999999698e-01,4.255067999999999628e+00,1.349982699999999980e+01,2.838626800000000117e+01,-5.043268900000000343e+01
6.217145000000000366e+00,3.303335000000000132e+00,-4.953839999999999577e+00,-7.074654999999999916e+00,-1.384804699999999933e+01,-9.159969999999999501e+00,-4.105744999999999756e+00,-4.059921000000000113e+00,-1.382714900000000036e+01,-9.010688999999999282e+00,7.504176000000000180e+00,9.771502999999999162e+00,1.070038999999999962e+00,9.484622999999999138e+00,-1.622141099999999980e+01,-6.815729000000000148e+00,2.818941999999999837e+00,5.254614000000000118e+00,-2.152346999999999788e+00,-5.906022000000000105e+00,-8.341704999999999259e+00,-9.160232999999999848e+00,-1.329401700000000019e+01,-2.181257300000000043e+01,-8.222284000000000148e+00,-2.621035099999999929e+01,-3.544315000000000104e+00,-6.996743999999999630e+00,-2.381886000000000170e+00,-2.912377000000000216e+00,-1.282208800000000082e+01,-2.189151100000000127e+01,-5.817861999999999867e+00,-7.710977999999999888e+00,-2.042569900000000160e+01,-2.083052599999999899e+01,-1.734951099999999968e+01,-7.597703000000000095e+00,-2.060631400000000113e+01,-1.007468100000000000e+01,-4.811147799999999819e+01,-1.852324000000000126e+01,-5.272980000000000445e-01,7.778855000000000075e+00,-1.821735000000000104e+00,-1.176406300000000016e+01,1.672921000000000102e+00,-1.500676200000000016e+01,1.660117000000000065e+00,5.139329000000000036e+00,9.488020000000000342e-01,-8.431217000000000183e+00,-2.370476000000000028e+00,-4.976555000000000284e+00,-7.655934000000000239e+00,-5.651040000000000063e+00,7.490630000000000344e-01,-5.098397000000000290e+00,5.211914000000000158e+00,6.595029000000000252e+00,2.809905000000000097e+00,-4.407561000000000284e+00,6.119277000000000299e+00,-1.459413000000000071e+00,-1.680150799999999833e+01,-1.481638999999999928e+00,-1.793549999999999978e+00,-1.835135899999999864e+01,-1.101536800000000049e+01,-2.420867399999999847e+01,-4.364841000000000193e+00,-4.664147999999999961e+00,-2.693357999999999919e+00,-4.453729000000000049e+00,-3.992198000000000135e+00,1.023754500000000078e+01,7.677762999999999671e+00,-3.453289999999999971e-01,7.633987000000000300e+00,-9.137380000000000280e+00,-3.898911000000000016e+00,-9.301500000000000046e-02,-6.315673000000000314e+00,-2.107615699999999848e+01,-6.240209000000000117e+00,-7.007023000000000224e+00,-3.001597999999999988e+00,-5.053664999999999630e+00,-4.164473000000000091e+00,-7.853848000000000162e+00,-1.493734000000000073e+01,-1.680999999999999872e+01,-1.481883799999999951e+01,-1.486464999999999925e+01,-2.277373000000000047e+01,-1.122041699999999942e+01,-1.357607800000000076e+01,-1.986206200000000166e+01,-1.405494400000000077e+01,-7.544139000000000372e+00,-1.094444400000000073e+01,-1.686686200000000113e+01,-8.365363999999999578e+00,-9.101762000000000796e+00,-2.047685200000000094e+01,-8.461971900000000346e+01,-3.701559000000000044e+00,-5.148129999999999651e-01,-2.302055100000000110e+01,-2.269318499999999972e+01,-2.630461800000000139e+01,-7.484602999999999895e+00,-4.895448000000000022e+00,6.135130000000000194e+00,9.998141000000000389e+00,-4.502610800000000069e+01
5.162499999999999645e+00,4.142087000000000074e+00,-2.262140000000000040e+00,-2.058453000000000088e+00,-1.061356400000000022e+01,-7.708899999999999864e+00,-1.083369999999999944e+00,-2.949148999999999798e+00,-1.200286200000000036e+01,-5.573110999999999926e+00,5.902165000000000106e+00,1.439945400000000042e+01,4.907750000000000168e-01,1.394133199999999917e+01,-1.960945600000000155e+01,-8.792550000000000310e+00,-1.541638999999999982e+00,-2.401937999999999906e+00,-2.768752000000000102e+00,-2.239809000000000161e+00,-1.771937000000000095e+00,-9.997604000000000823e+00,-1.233256599999999992e+01,-2.064515799999999857e+01,-5.233355999999999675e+00,-2.026237400000000122e+01,-3.120245999999999853e+00,-9.648229000000000610e+00,-4.493133000000000266e+00,-5.756855999999999973e+00,-1.010619900000000015e+01,-1.613175499999999829e+01,-6.631190000000000140e+00,-1.416855999999999893e+00,-1.890113699999999852e+01,-1.092004500000000000e+01,-1.921187300000000064e+01,-8.184155999999999764e+00,-2.400960600000000156e+01,-1.021447900000000075e+01,-2.132333099999999959e+01,-2.170393400000000028e+01,-1.082767999999999953e+00,3.519540000000000113e+00,5.173007000000000133e+00,-2.769289999999999807e+00,-1.984475999999999907e+00,-9.966917999999999722e+00,9.682123999999999953e+00,1.429973700000000036e+01,1.462144000000000110e+00,-2.678996000000000155e+00,2.121395999999999837e+00,1.560148000000000090e+00,-8.155905999999999878e+00,-5.115086999999999939e+00,-4.255700000000000038e-01,-6.254254999999999676e+00,1.243057300000000076e+01,1.636569100000000176e+01,1.035344100000000012e+01,4.457684999999999675e+00,5.507412000000000418e+00,3.081341999999999803e+00,-6.637964000000000198e+00,1.676638999999999990e+00,-8.086889999999999912e-01,-6.576611999999999902e+00,-1.028118300000000040e+01,-2.153017499999999984e+01,-4.242817999999999756e+00,6.851325000000000109e+00,-3.674313000000000162e+00,-4.845292999999999850e+00,-3.758986999999999856e+00,7.637433999999999834e+00,2.080646000000000218e+00,-3.665901999999999994e+00,-9.911941000000000557e+00,-1.227723300000000073e+01,-8.452638000000000318e+00,-2.976804000000000006e+00,-5.536681999999999881e+00,-1.921255100000000127e+01,-5.511078999999999617e+00,-8.557885999999999882e+00,-1.284291000000000071e+00,-8.096453000000000344e+00,-3.979442999999999842e+00,-5.234020000000000117e+00,-1.006020600000000087e+01,-1.167919400000000074e+01,-8.910152999999999324e+00,-1.271634799999999998e+01,-2.390068499999999929e+01,-1.134990400000000044e+01,-1.081267899999999926e+01,-2.374409500000000151e+01,-1.369096099999999971e+01,-1.070968000000000053e+01,-3.525053000000000214e+00,-1.391610400000000070e+01,-5.360211999999999755e+00,-7.222175000000000011e+00,-1.296261400000000030e+01,-5.990609299999999848e+01,-4.957760000000000389e+00,7.308385999999999605e+00,-8.815246000000000137e+00,-2.358155700000000010e+01,-4.737947400000000187e+01,-1.078201600000000049e+01,-4.369902999999999871e+00,-1.800947000000000076e+00,-9.039872000000000796e+00,-4.621984799999999893e+01
5.187215000000000131e+00,6.742113999999999940e+00,1.181222999999999912e+00,5.264732999999999663e+00,-3.100468999999999919e+00,-1.625709999999999933e-01,2.474758000000000013e+00,2.514228999999999825e+00,-4.999954999999999927e+00,4.023330999999999769e+00,5.762622000000000355e+00,1.770617400000000075e+01,1.845088000000000061e+00,1.571613499999999952e+01,-1.091770700000000005e+01,-2.958031000000000077e+00,-1.418941999999999926e+00,-4.775337000000000387e+00,-1.152625000000000011e+00,6.323736000000000246e+00,7.434109000000000300e+00,-1.182204999999999950e+00,-5.122361999999999860e+00,-1.197662000000000049e+01,6.282069999999999599e-01,-6.345377000000000045e+00,6.417380000000000306e-01,-2.668988999999999834e+00,-2.570416999999999952e+00,-3.458536000000000055e+00,-2.706388000000000016e+00,-4.273587000000000025e+00,-2.266735000000000166e+00,8.454606999999999317e+00,-1.157052599999999920e+01,1.881942000000000004e+00,-1.384703299999999970e+01,-4.428523000000000209e+00,-1.892756500000000131e+01,-6.579635999999999818e+00,1.128237799999999957e+01,-1.309689499999999995e+01,7.196944000000000230e+00,1.215694000000000052e+01,1.870079000000000136e+01,2.060743300000000033e+01,2.341092000000000173e+00,6.028415999999999997e+00,1.986043099999999839e+01,2.498184600000000088e+01,6.927551000000000236e+00,1.136294700000000013e+01,1.123245200000000033e+01,1.536259599999999992e+01,-1.215864000000000056e+00,5.429466999999999821e+00,1.857939000000000007e+00,-2.872104000000000212e+00,2.059352499999999964e+01,2.606783799999999829e+01,1.393843299999999985e+01,1.360907300000000042e+01,2.183384000000000214e+00,6.243552000000000213e+00,1.000195399999999957e+01,1.007590500000000056e+01,2.706936999999999927e+00,1.299224300000000021e+01,-5.239192000000000071e+00,-5.267851000000000283e+00,-9.951410000000000533e-01,1.643886600000000087e+01,-1.536013000000000073e+00,5.774150000000000116e-01,5.718213000000000434e+00,4.425644000000000133e+00,7.201589999999999936e-01,-4.463790000000000258e-01,-2.427488299999999910e+01,-8.460618999999999446e+00,-8.639666999999999319e+00,-3.435989999999999878e+00,1.380470000000000030e-01,-6.180322000000000315e+00,-4.819799999999999779e-02,-3.515970999999999957e+00,3.216740999999999850e+00,-4.713569999999999816e+00,-6.600690000000000168e-01,2.475426000000000126e+00,7.470350000000000046e-01,-1.246159000000000017e+00,2.659239999999999937e-01,-6.575995999999999952e+00,-1.408765700000000010e+01,-7.055582000000000242e+00,-7.484429999999999694e-01,-1.749665699999999902e+01,-2.478613999999999873e+00,-8.434157000000000792e+00,3.889613999999999905e+00,-5.657052000000000191e+00,-1.336653000000000091e+00,-2.275573000000000068e+00,-2.940148000000000206e+00,-3.293303399999999925e+01,-5.793122999999999578e+00,1.060762500000000053e+01,4.282796000000000269e+00,-1.609403100000000109e+01,-4.936818199999999734e+01,-5.481303999999999732e+00,4.890878999999999976e+00,-5.111499000000000237e+00,-1.922770200000000074e+01,-5.290570199999999801e+01
7.265902999999999778e+00,1.126194100000000020e+01,5.821401999999999965e+00,1.342470499999999944e+01,7.377445999999999948e+00,1.051350500000000032e+01,7.015244000000000035e+00,1.204319500000000076e+01,6.886161999999999672e+00,1.617991500000000116e+01,8.761181999999999803e+00,1.901682900000000132e+01,5.560331999999999830e+00,1.506632100000000030e+01,7.162467999999999613e+00,9.616234000000000393e+00,4.088632999999999740e+00,6.969410000000000327e-01,1.864492000000000038e+00,1.819516399999999834e+01,1.676003100000000146e+01,1.407564999999999955e+01,6.932644999999999946e+00,5.367722999999999800e+00,7.744381999999999877e+00,1.216404299999999949e+01,6.625841999999999565e+00,1.063223699999999994e+01,4.691195999999999700e+00,3.705595999999999890e+00,7.763615999999999850e+00,1.376999700000000004e+01,5.558548000000000044e+00,2.085757999999999868e+01,-5.566229999999999789e-01,1.468127699999999969e+01,-3.640470999999999790e+00,3.168813999999999798e+00,-7.503773999999999944e+00,-8.075609999999999733e-01,3.833283300000000082e+01,1.006782499999999914e+01,1.785736899999999849e+01,2.553350800000000120e+01,2.953016099999999966e+01,4.371309699999999765e+01,9.726366000000000511e+00,2.640679099999999835e+01,2.690355500000000077e+01,2.939244899999999916e+01,1.352657400000000010e+01,2.426192599999999899e+01,1.825619199999999864e+01,2.666295399999999916e+01,8.644094000000000833e+00,1.824085300000000132e+01,6.862661000000000122e+00,5.483139000000000429e+00,2.640489300000000128e+01,3.084567200000000042e+01,1.467785600000000024e+01,2.035337600000000080e+01,-2.766719999999999735e-01,9.117907000000000650e+00,2.787449600000000061e+01,1.969637900000000030e+01,8.197556999999999761e+00,3.394231899999999769e+01,4.077627999999999808e+00,2.061199500000000029e+01,2.915478999999999932e+00,2.043360399999999899e+01,2.942817999999999934e+00,9.206887000000000043e+00,1.703149900000000017e+01,2.571876000000000051e+00,3.226288999999999962e+00,8.265003999999999351e+00,-2.203437600000000174e+01,2.585386000000000184e+00,-1.200479000000000074e+00,1.798127999999999949e+00,8.639964000000000865e+00,1.506074300000000044e+01,8.267531999999999215e+00,5.439581000000000444e+00,8.173555999999999599e+00,3.274688999999999961e+00,5.097458999999999740e+00,1.165754500000000071e+01,1.393477400000000088e+01,1.174713000000000029e+01,9.745454000000000505e+00,2.521834000000000131e+00,6.218414000000000108e+00,-3.115729999999999889e-01,1.389298699999999975e+01,-1.489454999999999973e+00,1.517069399999999924e+01,-2.413410000000000000e-01,8.833645999999999887e+00,4.933609999999999829e+00,3.375982000000000038e+00,4.463654000000000011e+00,7.156119999999999592e+00,-4.674849000000000032e+00,-3.429765000000000175e+00,8.572898000000000351e+00,1.569147700000000079e+01,-1.894720000000000015e-01,-2.476833500000000043e+01,6.508083000000000062e+00,1.608344200000000157e+01,-1.765265000000000084e+00,-1.678261699999999834e+01,-5.363687099999999930e+01
1.033569699999999969e+01,1.535650799999999983e+01,1.123378600000000027e+01,2.002725699999999875e+01,1.781885799999999875e+01,1.909629599999999883e+01,1.202158000000000015e+01,2.213200000000000145e+01,2.020814000000000021e+01,2.507102400000000131e+01,1.378857700000000008e+01,1.808234900000000067e+01,1.011186900000000044e+01,1.253981699999999933e+01,2.599356300000000175e+01,2.292244000000000170e+01,1.075908000000000087e+01,9.424291000000000196e+00,4.697071000000000218e+00,2.799815299999999851e+01,2.322249599999999958e+01,2.825428600000000046e+01,1.965536200000000022e+01,2.758144000000000062e+01,1.357343200000000039e+01,2.944673699999999883e+01,1.203809399999999918e+01,2.299799700000000158e+01,1.405479200000000084e+01,1.149875300000000067e+01,1.775786000000000087e+01,3.449803599999999904e+01,1.276249299999999920e+01,3.228045600000000093e+01,1.004159199999999963e+01,2.491014099999999942e+01,6.517566000000000415e+00,1.121026299999999942e+01,5.171059999999999768e+00,4.279832999999999998e+00,5.098380199999999718e+01,3.998286999999999836e+01,2.194401200000000074e+01,3.078252000000000166e+01,2.877264900000000125e+01,5.090411300000000239e+01,1.302935399999999966e+01,4.066733500000000134e+01,2.640977900000000034e+01,2.253647700000000142e+01,1.619136900000000168e+01,2.681204200000000171e+01,1.759083100000000144e+01,2.591939500000000152e+01,1.487028300000000058e+01,2.314086599999999905e+01,1.156598800000000082e+01,1.524873900000000049e+01,2.657399300000000153e+01,2.708414399999999844e+01,1.426441699999999990e+01,2.255583899999999886e+01,3.795699999999999769e-02,1.193479999999999919e+01,4.073688500000000090e+01,2.566373199999999954e+01,1.348242699999999950e+01,4.872412700000000285e+01,1.539217400000000069e+01,4.443437699999999779e+01,4.873456000000000010e+00,1.807865699999999975e+01,6.749683000000000099e+00,1.567402000000000051e+01,2.070023600000000030e+01,2.274376000000000175e+00,5.957380999999999815e+00,1.687069100000000077e+01,-2.476728000000000041e+00,1.468149200000000043e+01,1.119190599999999947e+01,1.087751199999999940e+01,1.565783099999999983e+01,3.557820999999999856e+01,1.555636699999999983e+01,1.298648999999999987e+01,1.084715100000000021e+01,1.068592899999999979e+01,1.079587899999999934e+01,1.733703399999999917e+01,2.458699700000000021e+01,2.345616700000000066e+01,1.680937399999999826e+01,1.236765199999999965e+01,2.948385899999999893e+01,5.221494999999999997e+00,2.702836100000000030e+01,1.785802999999999940e+01,3.020301399999999958e+01,1.042949400000000004e+01,1.085279700000000069e+01,1.401690900000000006e+01,8.184397000000000588e+00,1.077283000000000079e+01,1.529802800000000040e+01,2.776688700000000054e+01,3.126583999999999808e+00,3.722904999999999909e+00,2.472083999999999904e+01,1.908519300000000030e+01,1.807565599999999861e+01,1.849816099999999963e+01,2.161833999999999989e+01,5.725211999999999968e+00,-5.518811000000000355e+00,-3.647530400000000128e+01
1.225995699999999999e+01,1.590226799999999940e+01,1.595586699999999958e+01,2.310779700000000147e+01,2.507262899999999917e+01,2.161855600000000166e+01,1.602148299999999992e+01,2.825338999999999956e+01,3.008466500000000110e+01,2.639388299999999887e+01,1.789391900000000035e+01,1.547356899999999946e+01,1.303751899999999964e+01,8.969815000000000538e+00,3.651983200000000096e+01,2.995199900000000071e+01,1.285316599999999987e+01,1.359988000000000063e+01,6.090411999999999715e+00,3.008872699999999867e+01,2.492231299999999905e+01,3.479595299999999725e+01,2.843268099999999876e+01,4.740273200000000031e+01,1.628606100000000012e+01,4.044065400000000210e+01,1.419268500000000088e+01,2.830222399999999894e+01,1.983001000000000147e+01,1.469752000000000081e+01,2.364721799999999874e+01,5.175128200000000334e+01,1.535177999999999976e+01,3.861169499999999744e+01,1.628007099999999951e+01,3.094257199999999841e+01,1.252830600000000061e+01,1.570392200000000038e+01,1.415608899999999970e+01,6.485358999999999874e+00,4.713153899999999652e+01,6.274322999999999695e+01,1.448333099999999973e+01,2.008955500000000072e+01,1.427830400000000033e+01,3.659837399999999974e+01,8.285308000000000561e+00,4.096695799999999821e+01,1.795859400000000150e+01,6.111259999999999692e+00,1.233383700000000083e+01,1.634596900000000019e+01,8.920211999999999364e+00,1.088165799999999983e+01,1.332340699999999956e+01,1.488070500000000074e+01,1.297903699999999994e+01,2.121803399999999939e+01,2.017776999999999887e+01,1.502655900000000067e+01,1.372394899999999929e+01,2.003732499999999916e+01,2.393555999999999795e+00,1.387367000000000061e+01,4.456716200000000327e+01,2.555749199999999988e+01,1.602039999999999864e+01,5.279464500000000271e+01,2.488983199999999840e+01,5.362642699999999962e+01,4.044261999999999802e+00,1.181010999999999989e+01,6.972228000000000314e+00,1.604543599999999870e+01,1.312408499999999911e+01,2.662892999999999954e+00,5.266132999999999953e+00,1.965233500000000078e+01,2.248066400000000087e+01,1.931221499999999835e+01,2.192277899999999846e+01,1.829822199999999910e+01,1.752042000000000144e+01,4.555971900000000119e+01,1.846660800000000080e+01,1.505327300000000079e+01,9.970444000000000528e+00,1.264605000000000068e+01,1.375366799999999934e+01,1.649061400000000077e+01,2.900440700000000049e+01,3.061117199999999983e+01,2.015492000000000061e+01,2.016674499999999881e+01,4.555830900000000128e+01,6.720403000000000127e+00,3.269281500000000307e+01,3.173225300000000004e+01,3.462776399999999910e+01,1.813924799999999848e+01,1.112239100000000036e+01,1.867673599999999823e+01,1.210390100000000047e+01,1.450982499999999931e+01,2.006895400000000151e+01,6.419191999999999609e+01,1.162304100000000062e+01,1.549900000000000062e-02,3.100762699999999938e+01,3.427849400000000202e+01,5.836281600000000225e+01,2.338139500000000126e+01,1.855444900000000175e+01,1.219207600000000014e+01,6.157502000000000031e+00,-5.854299999999999782e-02
1.181509999999999927e+01,1.186635099999999987e+01,1.827674999999999983e+01,2.237613699999999994e+01,2.746200699999999983e+01,1.804346299999999914e+01,1.751794800000000052e+01,2.800038500000000141e+01,3.299907100000000071e+01,2.026605299999999943e+01,1.885179000000000116e+01,1.265498400000000068e+01,1.282355300000000042e+01,5.619080000000000297e+00,3.515737099999999771e+01,2.744068800000000152e+01,7.961619999999999919e+00,8.669897999999999882e+00,5.930316999999999616e+00,2.300757400000000175e+01,2.224912899999999993e+01,3.250677400000000006e+01,3.089086100000000101e+01,5.829351700000000136e+01,1.592088099999999962e+01,4.354335700000000031e+01,1.240623800000000010e+01,2.570080700000000107e+01,1.807768199999999936e+01,1.087580700000000000e+01,2.379237600000000086e+01,5.971999399999999980e+01,1.195026599999999917e+01,3.789757500000000334e+01,1.656325199999999853e+01,3.252928500000000156e+01,1.357613800000000026e+01,1.490233100000000022e+01,1.751627200000000073e+01,5.705385999999999846e+00,3.218875500000000045e+01,6.762410199999999350e+01,-1.531679999999999930e+00,-2.827328000000000063e+00,-7.020202000000000275e+00,9.560306999999999888e+00,-2.200718999999999870e+00,2.746278099999999966e+01,6.077585000000000015e+00,-1.183990700000000018e+01,4.043248000000000175e+00,-1.277606999999999937e+00,-2.278322000000000180e+00,-1.098300500000000035e+01,5.275354000000000099e+00,-2.720711999999999797e+00,1.051619200000000021e+01,2.029667299999999841e+01,1.009785699999999942e+01,-2.721669999999999923e-01,1.326401000000000074e+01,1.514204800000000084e+01,4.610104999999999897e+00,1.401013500000000001e+01,3.976050099999999787e+01,2.099321199999999976e+01,1.465749899999999961e+01,4.722787699999999944e+01,2.889697999999999922e+01,4.316685900000000231e+01,1.844108000000000080e+00,5.631653000000000020e+00,3.105392000000000152e+00,1.089404599999999945e+01,-1.515320000000000000e-01,3.211491000000000096e+00,6.421940000000000426e-01,1.528853600000000057e+01,3.715599499999999722e+01,1.193884800000000013e+01,2.526624500000000140e+01,1.926463599999999943e+01,1.378323800000000077e+01,4.063595200000000318e+01,1.645317899999999867e+01,1.174337700000000062e+01,6.669509999999999827e+00,8.215711999999999904e+00,1.302825699999999998e+01,1.023626400000000025e+01,2.661379099999999909e+01,3.186457899999999910e+01,2.015404799999999952e+01,2.361949200000000104e+01,4.804505300000000290e+01,4.239409000000000205e+00,2.877687600000000145e+01,3.421335599999999744e+01,2.679471799999999959e+01,1.898087299999999900e+01,1.101452800000000032e+01,1.807840699999999856e+01,1.398157600000000045e+01,1.461307799999999979e+01,2.076260699999999915e+01,9.675157000000000096e+01,1.772151200000000060e+01,4.774459999999999815e-01,3.479090500000000219e+01,3.977412100000000095e+01,7.519048300000000040e+01,1.857419000000000153e+01,1.043060400000000065e+01,1.352373500000000028e+01,1.089219899999999974e+01,4.300607500000000272e+01
9.942828000000000443e+00,5.825936999999999699e+00,1.740070700000000059e+01,1.933727500000000177e+01,2.546293500000000165e+01,1.209419300000000064e+01,1.608987300000000076e+01,2.275493200000000016e+01,2.886251100000000136e+01,1.116907100000000064e+01,1.708085099999999912e+01,1.140018899999999924e+01,1.013176099999999913e+01,3.976462999999999859e+00,2.587693900000000014e+01,1.806109299999999962e+01,-8.205959999999999921e-01,-2.759685999999999861e+00,5.176376000000000310e+00,1.126301699999999961e+01,1.776429299999999856e+01,2.571743400000000079e+01,2.798203399999999874e+01,5.814942200000000128e+01,1.414798799999999979e+01,4.088994199999999779e+01,8.517711000000000254e+00,1.972710599999999914e+01,9.769116000000000355e+00,2.311570999999999820e+00,1.940633300000000006e+01,5.609750300000000323e+01,4.702446000000000126e+00,3.177722199999999830e+01,1.244049200000000077e+01,3.071435400000000016e+01,1.206845200000000062e+01,1.050885099999999994e+01,1.699019699999999844e+01,3.947966999999999782e+00,1.602260000000000062e+01,5.438622500000000315e+01,-1.675565699999999936e+01,-2.456058200000000014e+01,-2.292299600000000126e+01,-1.292384700000000031e+01,-1.144556599999999946e+01,8.475206000000000017e+00,-2.096883000000000052e+00,-2.164406400000000019e+01,-3.082733000000000168e+00,-1.551904200000000067e+01,-8.474925000000000708e+00,-2.687570499999999996e+01,-3.308497000000000021e+00,-1.902513300000000029e+01,6.529103000000000101e+00,1.381910500000000042e+01,2.013109000000000037e+00,-1.096142399999999917e+01,1.296279200000000031e+01,1.169320800000000027e+01,5.182595000000000063e+00,1.246179000000000059e+01,3.076745199999999869e+01,1.625322399999999945e+01,1.052089999999999925e+01,3.776022700000000043e+01,2.568918400000000091e+01,1.967772099999999824e+01,6.770960000000000312e-01,2.650192999999999799e+00,-2.373091000000000061e+00,4.851033000000000150e+00,-8.437704000000000093e+00,4.455314999999999692e+00,-4.721851000000000020e+00,7.880643000000000065e+00,3.289485299999999768e+01,-4.162994999999999557e+00,2.031886300000000034e+01,1.348290700000000086e+01,7.585911000000000293e+00,2.500896200000000036e+01,1.206050300000000064e+01,7.044819999999999638e+00,3.667587000000000153e+00,1.201079000000000008e+00,1.012459899999999990e+01,3.202806999999999960e+00,2.000047899999999856e+01,2.810593199999999925e+01,1.815943000000000040e+01,2.197510700000000128e+01,3.808607899999999802e+01,7.148849999999999927e-01,1.836855800000000016e+01,2.567862900000000081e+01,1.244202800000000053e+01,1.321659900000000043e+01,1.086405799999999999e+01,1.353641599999999912e+01,1.307470799999999933e+01,1.154194599999999937e+01,1.761383700000000019e+01,1.124093359999999961e+02,1.802525800000000089e+01,5.718797999999999604e+00,3.632498700000000014e+01,3.479040200000000027e+01,6.073896299999999826e+01,7.883244999999999614e+00,4.286252000000000173e+00,9.480627999999999389e+00,6.888793999999999862e+00,7.338944499999999493e+01
9.097588999999999260e+00,2.595047000000000104e+00,1.408941800000000022e+01,1.616169299999999964e+01,2.108315400000000039e+01,8.372716000000000491e+00,1.278091799999999978e+01,1.661829699999999832e+01,2.098229500000000058e+01,4.933156999999999570e+00,1.521177400000000013e+01,1.273608300000000071e+01,7.322678999999999938e+00,5.047049999999999592e+00,1.701980700000000013e+01,8.539797999999999334e+00,-7.136411999999999978e+00,-1.261247900000000044e+01,4.980990000000000251e+00,2.710186000000000206e+00,1.465487199999999923e+01,2.022447000000000017e+01,2.281616299999999953e+01,4.988005700000000076e+01,1.284061600000000070e+01,3.615890699999999924e+01,5.545525999999999733e+00,1.635419699999999921e+01,4.237380000000000035e-01,-5.344631999999999827e+00,1.361906399999999984e+01,4.332813300000000112e+01,-2.062549000000000188e+00,2.441883299999999934e+01,7.460954000000000086e+00,2.714824799999999883e+01,1.123271100000000011e+01,6.350106000000000250e+00,1.613070099999999840e+01,3.811669000000000196e+00,7.687087000000000003e+00,3.326165600000000211e+01,-2.179601699999999909e+01,-3.113615100000000169e+01,-2.374101200000000134e+01,-1.698107900000000114e+01,-1.296090399999999931e+01,-4.889705000000000190e+00,-1.325671000000000044e+00,-1.812989200000000167e+01,-3.840638999999999914e+00,-1.824101200000000134e+01,-5.533775000000000333e+00,-2.717127899999999840e+01,-5.880907999999999802e+00,-2.375893800000000056e+01,4.529690000000000438e+00,6.659534999999999982e+00,1.110810000000000075e+00,-1.075586900000000057e+01,1.338703199999999960e+01,1.271403399999999984e+01,4.490533000000000108e+00,1.064891899999999936e+01,2.332224300000000028e+01,1.500553299999999979e+01,6.319207999999999714e+00,3.077794899999999956e+01,1.647155000000000058e+01,-2.095305999999999891e+00,1.979047000000000001e+00,3.377381999999999884e+00,-5.581699000000000410e+00,3.007195999999999980e+00,-4.078316000000000052e+00,7.356080999999999648e+00,-6.324559999999999960e+00,3.716118999999999950e+00,1.323441799999999979e+01,-1.947150900000000107e+01,1.122156500000000001e+01,5.465848000000000262e+00,3.454292999999999836e+00,8.988571000000000311e+00,8.950117000000000544e+00,5.571873000000000076e+00,3.273855000000000182e+00,-2.570135000000000058e+00,7.851790000000000269e+00,3.894440000000000124e-01,1.306912600000000069e+01,2.163822899999999905e+01,1.540248300000000015e+01,1.639986400000000089e+01,2.299358600000000052e+01,-1.431649999999999867e-01,7.681661000000000072e+00,1.213255900000000054e+01,6.791490000000000027e-01,5.059166000000000274e+00,9.883513999999999911e+00,7.623675000000000423e+00,9.634066000000000685e+00,6.951715000000000089e+00,1.200346000000000046e+01,1.013112050000000011e+02,1.266313700000000075e+01,1.384701300000000046e+01,3.490442999999999785e+01,2.334525100000000108e+01,2.522337500000000077e+01,-1.216522000000000103e+00,5.235046999999999784e+00,3.635263000000000133e+00,-1.464977999999999891e+00,7.780002399999999341e+01
1.111526199999999953e+01,5.721585000000000143e+00,1.027391000000000076e+01,1.418274599999999985e+01,1.648988999999999905e+01,8.953791999999999973e+00,9.472963000000000022e+00,1.344616399999999956e+01,1.398071500000000000e+01,4.874977999999999589e+00,1.562634800000000013e+01,1.609483300000000128e+01,6.598068999999999740e+00,8.560422000000000864e+00,1.518586200000000019e+01,5.082335999999999743e+00,-6.278859999999999886e+00,-1.333918000000000070e+01,5.683933999999999820e+00,3.148143999999999831e+00,1.471133900000000061e+01,1.839739399999999847e+01,1.829756000000000071e+01,3.872521799999999814e+01,1.261496299999999948e+01,3.174133600000000044e+01,5.427734000000000059e+00,1.815652000000000044e+01,-3.663205000000000044e+00,-6.735975999999999964e+00,9.452146000000000825e+00,2.722869800000000140e+01,-4.515530000000000044e+00,1.975787300000000002e+01,4.878707000000000349e+00,2.318959399999999960e+01,1.232635499999999951e+01,5.540785999999999767e+00,1.741757499999999936e+01,6.498358999999999774e+00,1.070537000000000027e+01,1.763348500000000030e+01,-1.383356900000000067e+01,-1.796938000000000102e+01,-8.863369000000000497e+00,-1.712882000000000016e+00,-5.719221000000000110e+00,-6.053957999999999728e+00,7.994385000000000296e+00,-4.089202000000000226e+00,2.690652000000000044e+00,-9.131709000000000742e+00,4.037391000000000396e+00,-1.222368600000000072e+01,-2.172599999999999879e-02,-1.408610700000000016e+01,6.424173999999999829e+00,3.771440999999999821e+00,8.535071999999999548e+00,8.924840000000000551e-01,1.543996600000000008e+01,1.836953600000000009e+01,4.180585999999999913e+00,1.034794800000000059e+01,2.107450400000000101e+01,1.761754600000000082e+01,4.498243999999999687e+00,2.905473800000000040e+01,4.956793000000000227e+00,-8.427502000000000493e+00,5.082791000000000281e+00,5.840938999999999659e+00,-3.840799000000000074e+00,6.958193999999999768e+00,1.149188700000000019e+01,1.195700000000000074e+01,-1.819890000000000008e+00,6.363315000000000055e+00,-9.497749000000000663e+00,-2.425767400000000151e+01,3.798032000000000075e+00,1.176296000000000008e+00,4.095391000000000226e+00,2.397308999999999912e+00,9.142602000000000118e+00,8.879134000000000526e+00,5.607798999999999978e+00,4.313989999999999769e-01,8.133494999999999919e+00,3.691943000000000197e+00,8.563834999999999198e+00,1.477134500000000017e+01,1.224321600000000032e+01,9.350172999999999845e+00,1.091988699999999923e+01,3.435240999999999989e+00,1.967144000000000004e+00,1.089684000000000097e+00,-2.294624999999999915e+00,-3.135689999999999866e-01,7.171102000000000309e+00,2.876450999999999869e+00,5.018218000000000067e+00,2.819484000000000101e+00,6.230055000000000121e+00,6.499712300000000198e+01,5.382319999999999993e+00,2.144398299999999935e+01,2.875920199999999838e+01,1.151920100000000069e+01,-9.909862000000000393e+00,-3.017867999999999995e+00,1.266801599999999972e+01,5.999980000000000313e-01,-6.897306000000000381e+00,5.800417300000000154e+01
1.533181899999999942e+01,1.445171999999999990e+01,7.892335000000000100e+00,1.318212600000000023e+01,1.288951600000000042e+01,1.201715100000000014e+01,7.726653999999999911e+00,1.423684599999999989e+01,1.106977999999999973e+01,9.778356999999999744e+00,1.806605199999999911e+01,1.936173600000000050e+01,8.232385999999999981e+00,1.279016299999999973e+01,2.062397199999999842e+01,9.335889999999999134e+00,1.057719000000000076e+00,-3.668012000000000050e+00,6.480610000000000426e+00,1.202942499999999981e+01,1.719758799999999965e+01,1.746794200000000075e+01,1.542442300000000088e+01,2.864565299999999937e+01,1.251369000000000042e+01,2.748027499999999890e+01,7.542169000000000345e+00,2.234457799999999850e+01,7.435500000000000442e-02,-2.991489999999999982e-01,8.154462999999999795e+00,1.398122099999999968e+01,-1.595887000000000056e+00,1.912600300000000075e+01,5.778786000000000200e+00,1.942255700000000118e+01,1.364100000000000001e+01,8.269747999999999877e+00,2.052011600000000158e+01,1.083472100000000005e+01,2.133646099999999990e+01,1.470480700000000063e+01,1.158261999999999903e+00,6.497194999999999609e+00,1.246134400000000042e+01,2.038535200000000103e+01,4.755469999999999864e+00,2.823221000000000203e+00,1.958834099999999978e+01,1.131679699999999933e+01,1.214711900000000000e+01,4.262915999999999705e+00,1.247858699999999921e+01,7.385311999999999877e+00,1.059620299999999915e+01,3.413298000000000165e+00,1.087878300000000031e+01,6.695161999999999836e+00,2.012422499999999914e+01,1.770331399999999888e+01,1.954414999999999836e+01,2.565007699999999957e+01,5.399632999999999683e+00,1.224912600000000040e+01,2.382203499999999963e+01,2.107717099999999988e+01,5.573085999999999984e+00,3.027826100000000054e+01,-4.322879000000000360e+00,4.633320000000000327e+00,7.736646000000000356e+00,7.286763999999999797e+00,2.522800000000000153e+00,1.352823000000000064e+01,2.843664700000000067e+01,1.666804600000000036e+01,7.091317000000000093e+00,1.395522899999999922e+01,-2.293807999999999936e+01,-1.498388399999999976e+01,1.364330999999999960e+00,3.609284000000000159e+00,8.479962999999999695e+00,8.240778999999999854e+00,1.156186100000000039e+01,1.420609999999999928e+01,8.405328000000000799e+00,8.702915000000000845e+00,1.044468600000000080e+01,1.057949400000000040e+01,6.577649000000000079e+00,8.705755999999999162e+00,8.243382999999999683e+00,3.282182000000000155e+00,5.553822000000000259e+00,9.959908999999999679e+00,2.228864000000000178e+00,-3.069455000000000044e+00,2.700539000000000023e+00,-3.746929999999999983e-01,2.869632999999999878e+00,7.324169999999999847e-01,1.122330999999999968e+00,5.098890000000000366e-01,2.652630999999999961e+00,1.798781899999999823e+01,9.792189999999999506e-01,2.496306200000000075e+01,1.652821899999999999e+01,4.040993000000000279e+00,-2.594194800000000001e+01,2.232768000000000086e+00,2.080826000000000064e+01,2.644544999999999924e+00,-4.081553000000000431e+00,2.967788900000000041e+01
1.860120999999999825e+01,2.362158099999999905e+01,7.762208000000000219e+00,1.195759200000000000e+01,1.035419599999999996e+01,1.349505599999999994e+01,7.936440000000000161e+00,1.676338300000000103e+01,1.244765199999999972e+01,1.504010099999999994e+01,1.943902999999999892e+01,1.995239799999999875e+01,1.033893899999999988e+01,1.533355000000000068e+01,2.739853099999999841e+01,1.761286899999999989e+01,9.115565000000000140e+00,1.022486199999999990e+01,6.053682000000000230e+00,2.255689200000000127e+01,1.939732499999999860e+01,1.238271800000000056e+01,1.339409900000000064e+01,2.057036300000000040e+01,1.105669900000000005e+01,2.178186799999999934e+01,9.159319999999999240e+00,2.313990599999999986e+01,8.527839000000000169e+00,1.073811099999999996e+01,8.978078999999999255e+00,7.356930000000000192e+00,4.555392999999999581e+00,2.094427100000000053e+01,8.835708999999999591e+00,1.590935400000000044e+01,1.204432800000000015e+01,1.180480200000000046e+01,2.290812199999999876e+01,1.406773500000000077e+01,3.072352599999999967e+01,2.080020199999999875e+01,1.223653799999999947e+01,2.611478200000000172e+01,2.683274899999999974e+01,3.228456899999999763e+01,1.001712799999999959e+01,1.261038899999999963e+01,2.503024699999999925e+01,1.820714800000000011e+01,1.760961199999999849e+01,1.182746999999999993e+01,1.197749100000000055e+01,1.754641300000000115e+01,1.847409400000000090e+01,1.719209800000000143e+01,1.411553400000000025e+01,1.256882000000000055e+01,2.862008700000000161e+01,2.972438100000000105e+01,2.492537899999999951e+01,3.018917000000000073e+01,7.503273000000000081e+00,1.519900900000000021e+01,2.834364199999999911e+01,2.147482600000000019e+01,7.842005999999999588e+00,2.932837400000000017e+01,-8.151783000000000001e+00,2.881086499999999972e+01,7.823574999999999946e+00,6.184101000000000070e+00,1.038414799999999971e+01,1.712469300000000061e+01,3.543357900000000171e+01,1.901052699999999973e+01,1.571874799999999972e+01,2.072755899999999940e+01,-2.234359699999999904e+01,3.292895000000000127e+00,2.837666000000000022e+00,1.063020500000000013e+01,1.257960800000000035e+01,2.092388400000000104e+01,1.297942800000000041e+01,1.661571700000000007e+01,8.623613000000000639e+00,1.661287499999999895e+01,1.212655299999999947e+01,1.588314100000000018e+01,4.975061000000000178e+00,3.349578000000000166e+00,2.938737000000000155e+00,-5.049510000000000387e-01,4.612243000000000315e+00,1.574471100000000057e+01,4.961762000000000228e+00,-1.173966999999999983e+00,8.752860000000000085e+00,3.136343999999999799e+00,-1.547225000000000072e+00,1.126408999999999994e+00,-6.126890000000000391e-01,2.547369999999999912e-01,2.545815999999999857e+00,-1.919023400000000024e+01,1.940110000000000001e+00,2.208200400000000130e+01,-5.117990000000000039e-01,2.355668999999999791e+00,-1.849076000000000164e+01,8.534378999999999493e+00,2.303604599999999891e+01,8.145246000000000208e+00,7.078947999999999574e+00,1.208541999999999916e+01
1.740681899999999871e+01,2.684448300000000032e+01,9.233605999999999980e+00,9.611057000000000627e+00,8.490871000000000279e+00,1.039728900000000067e+01,9.336593000000000586e+00,1.756054400000000015e+01,1.572156000000000020e+01,1.602658100000000019e+01,1.617732000000000170e+01,1.631504400000000032e+01,1.040645600000000037e+01,1.447405200000000036e+01,2.807517700000000005e+01,2.369651400000000052e+01,1.127752699999999919e+01,1.899014899999999884e+01,3.704717000000000038e+00,2.629780200000000079e+01,1.845415300000000158e+01,8.116409999999999458e-01,1.108956899999999912e+01,1.346408800000000028e+01,7.740550999999999959e+00,1.390747000000000000e+01,7.531981000000000037e+00,1.654348500000000044e+01,1.500408099999999934e+01,2.043622699999999881e+01,1.030991299999999988e+01,7.566107999999999834e+00,1.013862899999999989e+01,2.244030400000000114e+01,1.169132600000000011e+01,1.285230600000000045e+01,5.818405000000000271e+00,1.261030700000000060e+01,2.215637800000000013e+01,1.388021299999999947e+01,2.985807799999999901e+01,2.449498000000000175e+01,1.072511399999999959e+01,2.756399299999999997e+01,2.514375300000000024e+01,2.408180700000000130e+01,4.473099000000000380e+00,1.361004299999999922e+01,1.912561200000000028e+01,1.197648900000000083e+01,1.421840899999999941e+01,7.716999000000000386e+00,1.040230000000000044e-01,9.835649000000000086e+00,1.731034599999999912e+01,1.840543900000000122e+01,1.260861300000000007e+01,1.630237999999999943e+01,2.812854199999999949e+01,2.910143499999999861e+01,2.971914599999999851e+01,2.906150500000000036e+01,8.419859999999999900e+00,1.682755500000000026e+01,3.096575100000000091e+01,1.701820100000000124e+01,8.672171000000000518e+00,2.246723599999999976e+01,-6.121129999999999960e+00,4.907507300000000328e+01,4.936967000000000105e+00,3.125236999999999821e+00,1.581629299999999994e+01,1.391147199999999984e+01,2.763885900000000007e+01,1.735670800000000114e+01,1.952238200000000035e+01,2.149478600000000128e+01,-1.227606600000000014e+01,2.008242600000000166e+01,4.284383000000000052e+00,1.659761400000000009e+01,1.221826899999999938e+01,3.017972200000000171e+01,1.061417499999999947e+01,1.286166099999999979e+01,4.721477000000000146e+00,1.832298899999999975e+01,1.041272299999999973e+01,1.541007100000000030e+01,1.329819000000000084e+00,-1.925043000000000060e+00,-3.314061000000000146e+00,-2.179460000000000175e+00,2.895398000000000138e+00,1.757107999999999848e+01,4.963330000000000020e+00,2.339649000000000090e+00,8.065473000000000781e+00,5.764558000000000071e+00,-4.140933000000000419e+00,2.820835999999999899e+00,3.550999999999999903e-03,1.255824000000000051e+00,5.395817000000000085e+00,-3.136835500000000110e+01,6.779017999999999766e+00,1.276051400000000058e+01,-1.740948900000000066e+01,4.998667000000000193e+00,9.394209999999999505e-01,8.652310999999999197e+00,1.667208400000000168e+01,1.287877800000000050e+01,2.149562799999999996e+01,1.596104399999999934e+01
1.055433500000000002e+01,2.086567200000000000e+01,1.077454299999999954e+01,6.428544999999999732e+00,7.202297999999999867e+00,3.222109000000000112e+00,1.070657300000000056e+01,1.460479699999999958e+01,1.783945200000000142e+01,1.118303700000000056e+01,7.345964000000000382e+00,8.893912999999999514e+00,7.399587999999999610e+00,1.022506500000000074e+01,1.938843699999999970e+01,2.306350799999999879e+01,4.958981999999999779e+00,1.664309300000000036e+01,9.667499999999999705e-02,1.908576300000000003e+01,1.324404900000000040e+01,-1.395389300000000077e+01,8.437597000000000236e+00,6.735687999999999676e+00,3.682363000000000053e+00,5.330428999999999640e+00,2.074189000000000060e+00,3.716849999999999987e+00,1.390802599999999956e+01,2.379481200000000030e+01,1.106601000000000035e+01,1.189710000000000001e+01,1.206290100000000010e+01,2.178636900000000054e+01,1.277853600000000078e+01,1.093066999999999922e+01,-3.461454999999999949e+00,8.928509000000000029e+00,1.801270600000000144e+01,1.013813900000000068e+01,1.484862599999999944e+01,1.517151100000000064e+01,-4.137220000000000120e+00,8.767469000000000179e+00,8.134242000000000417e+00,-7.835630000000000095e-01,-1.077230400000000010e+01,2.088563999999999865e+00,3.349454000000000153e+00,-4.230837000000000181e+00,2.452561000000000213e+00,-5.984507999999999939e+00,-1.831306000000000012e+01,-1.296440899999999985e+01,6.334125000000000227e+00,6.452786999999999829e+00,5.701607000000000092e+00,1.425734800000000035e+01,1.790755199999999903e+01,1.488904400000000017e+01,3.192755500000000168e+01,2.261791399999999896e+01,6.409727000000000174e+00,1.518997599999999970e+01,2.988260199999999855e+01,9.217489999999999739e+00,6.399572000000000038e+00,1.023666599999999960e+01,-6.971319999999999739e-01,5.325148000000000081e+01,6.324859999999999927e-01,9.860399999999999721e-02,1.644736999999999938e+01,4.656335999999999586e+00,9.859431000000000722e+00,1.224608500000000078e+01,1.697804599999999908e+01,1.547281399999999962e+01,-2.128334000000000170e+00,2.597507699999999886e+01,2.376386000000000109e+00,1.645187699999999964e+01,6.012766000000000055e+00,2.797303000000000139e+01,4.375086999999999726e+00,3.992052999999999852e+00,-2.053275999999999879e+00,1.190066000000000024e+01,4.666469000000000200e+00,8.790858000000000061e+00,-5.038987999999999801e+00,-7.214135999999999882e+00,-9.101848000000000383e+00,-2.731422999999999934e+00,-2.782414000000000165e+00,1.495574500000000029e+01,-8.649679999999999591e-01,3.181655000000000122e+00,-2.343478000000000172e+00,3.864301999999999904e+00,-3.861429999999999918e+00,4.228462000000000387e+00,1.850435999999999970e+00,2.276679999999999815e+00,9.199153000000000802e+00,-1.710563700000000154e+01,1.127486400000000089e+01,-3.007279999999999953e-01,-2.716425900000000127e+01,9.418324000000000140e+00,1.404191199999999995e+01,-3.229299999999999948e-01,4.731272999999999840e+00,1.309436700000000009e+01,3.187553000000000125e+01,3.773221099999999950e+01
3.456150000000000055e-01,7.963125999999999927e+00,1.098653700000000022e+01,3.611597999999999864e+00,6.806275000000000297e+00,-4.377428000000000097e+00,1.113635500000000000e+01,8.624427000000000731e+00,1.706367200000000039e+01,2.767959999999999976e+00,-4.046381000000000228e+00,-9.240900000000000503e-02,2.713262999999999980e+00,4.290631999999999557e+00,4.733588000000000129e+00,1.556539700000000082e+01,-6.500352000000000352e+00,4.580922000000000160e+00,-3.036855000000000082e+00,3.942560999999999982e+00,5.066053000000000139e+00,-2.483949099999999888e+01,6.407134000000000107e+00,1.524855000000000071e+00,8.114339999999999886e-01,-1.069908000000000081e+00,-5.010201999999999600e+00,-9.646559999999999135e+00,4.697566000000000130e+00,1.952156300000000044e+01,1.119852599999999931e+01,1.632728900000000039e+01,9.564762999999999238e+00,1.891608300000000042e+01,1.219651400000000052e+01,1.083577200000000040e+01,-1.154359499999999983e+01,1.941205999999999987e+00,1.258469099999999941e+01,5.058114999999999917e+00,-1.026518599999999992e+01,-9.070783000000000484e+00,-2.493333499999999958e+01,-2.043865299999999863e+01,-1.454592500000000044e+01,-2.876232600000000161e+01,-2.862634399999999957e+01,-1.749715600000000038e+01,-1.502840300000000084e+01,-2.197605899999999934e+01,-1.218265500000000046e+01,-2.113070099999999840e+01,-3.418686000000000291e+01,-3.870363499999999846e+01,-9.046625000000000583e+00,-1.124480600000000052e+01,-3.806113999999999997e+00,6.737097000000000335e+00,2.868862000000000023e+00,-6.274524999999999686e+00,3.051777500000000032e+01,1.404126399999999997e+01,1.725516000000000050e+00,1.022271800000000042e+01,2.568769700000000000e+01,1.430182999999999982e+00,1.465614999999999890e+00,-3.032267000000000046e+00,4.149301999999999602e+00,3.922922799999999910e+01,-2.769836000000000187e+00,-1.168414000000000064e+00,1.261474600000000024e+01,-5.823634000000000199e+00,-7.204208000000000389e+00,6.105031999999999570e+00,1.015199199999999990e+01,6.469459999999999766e+00,5.612850000000000339e-01,1.816565800000000053e+01,-3.059327000000000130e+00,9.211038999999999533e+00,-3.630552999999999919e+00,1.369403299999999923e+01,-2.975144999999999929e+00,-5.314216000000000051e+00,-8.352847999999999828e+00,6.808710000000000040e-01,-2.879394000000000009e+00,-4.352519999999999722e-01,-1.236838900000000052e+01,-1.153994199999999992e+01,-1.258877099999999949e+01,-2.944393999999999956e+00,-1.076414199999999965e+01,1.031589300000000087e+01,-1.138320599999999949e+01,2.260399999999999909e-01,-1.848613100000000031e+01,-2.575965000000000060e+00,-1.331258000000000052e+00,4.299469000000000207e+00,3.238106000000000151e+00,2.358217999999999925e+00,1.165816000000000052e+01,1.133178000000000019e+01,1.162381099999999989e+01,-1.224291000000000018e+01,-2.454094600000000170e+01,1.361622599999999927e+01,8.693623999999999796e+00,-1.449593400000000010e+01,-6.461992000000000402e+00,8.101286999999999239e+00,3.263396099999999933e+01,6.321267000000000280e+01
-8.808417000000000385e+00,-5.416004000000000040e+00,9.321797000000000111e+00,2.128347000000000211e+00,7.424399000000000193e+00,-8.346370000000000289e+00,1.029518000000000022e+01,2.187266999999999850e+00,1.368364200000000075e+01,-5.078395999999999688e+00,-1.277342299999999931e+01,-7.915079000000000420e+00,-8.528649999999999842e-01,-1.076281999999999961e+00,-8.235563000000000855e+00,4.955009000000000441e+00,-1.634437399999999840e+01,-9.735371999999999915e+00,-4.096036999999999928e+00,-1.113027100000000047e+01,-3.174598000000000031e+00,-2.630879799999999946e+01,5.760722999999999594e+00,-3.466239999999999877e-01,2.469330000000000136e-01,-3.277292999999999790e+00,-1.014346300000000056e+01,-1.739345000000000141e+01,-7.680703000000000280e+00,1.023963000000000001e+01,1.106066099999999963e+01,1.716168300000000002e+01,4.174173999999999829e+00,1.460625699999999938e+01,1.110131600000000063e+01,1.230659799999999926e+01,-1.425250400000000006e+01,-5.198744999999999727e+00,8.582736000000000587e+00,1.656652999999999931e+00,-3.480849200000000110e+01,-3.949875699999999767e+01,-4.114585999999999899e+01,-4.537726800000000082e+01,-3.089256900000000172e+01,-4.596127100000000354e+01,-4.062096199999999868e+01,-3.581497099999999989e+01,-2.755898900000000040e+01,-3.301460900000000009e+01,-2.275031600000000154e+01,-2.930957499999999882e+01,-3.997619999999999862e+01,-5.370446100000000200e+01,-2.072179200000000066e+01,-2.469099800000000045e+01,-1.156238699999999930e+01,-2.439893000000000089e+00,-9.624945000000000306e+00,-2.419718500000000105e+01,2.580858299999999872e+01,6.945425000000000182e+00,-3.315424999999999844e+00,3.880574000000000190e+00,2.012401200000000046e+01,-3.891162000000000010e+00,-3.984144000000000130e+00,-1.251799800000000040e+01,4.992801000000000045e+00,1.511039500000000046e+01,-3.852926000000000073e+00,-4.637729999999999908e-01,6.702620999999999718e+00,-1.210451499999999925e+01,-1.462683999999999962e+01,1.492226999999999970e+00,2.783125000000000071e+00,-5.655670000000000419e-01,-5.728308000000000177e+00,1.539435000000000109e+00,-9.247806000000000637e+00,-1.586932000000000009e+00,-1.207476600000000033e+01,-5.718016000000000432e+00,-7.840000999999999998e+00,-1.016049800000000047e+01,-1.094412299999999938e+01,-9.029495000000000715e+00,-8.488733999999999114e+00,-7.448470999999999620e+00,-1.755302800000000119e+01,-1.330131300000000039e+01,-1.264473399999999970e+01,-2.801064999999999916e+00,-1.598763300000000065e+01,6.919438999999999673e+00,-2.207881100000000174e+01,-4.274308999999999692e+00,-3.219854099999999875e+01,-9.952740999999999616e+00,1.547863999999999907e+00,3.039985999999999855e+00,2.971551999999999971e+00,1.280011999999999928e+00,1.149828300000000070e+01,3.610859800000000064e+01,7.122025999999999968e+00,-1.790185800000000071e+01,-9.671398999999999191e+00,1.654711199999999849e+01,-1.320301500000000061e+01,-2.566844400000000093e+01,-1.185375200000000007e+01,5.977909999999999613e-01,2.254268000000000072e+01,7.720480299999999829e+01
-1.343260500000000057e+01,-1.290818499999999958e+01,6.099611000000000338e+00,1.727824999999999944e+00,8.276744000000000767e+00,-7.216804999999999914e+00,8.173294000000000281e+00,-2.495103999999999989e+00,9.231681999999999277e+00,-9.301717000000000013e+00,-1.501305499999999959e+01,-1.280709599999999959e+01,-1.343898999999999955e+00,-4.532621999999999929e+00,-1.299747600000000070e+01,-4.008320999999999579e+00,-1.939118799999999965e+01,-1.827428099999999844e+01,-2.884138000000000090e+00,-1.889153800000000061e+01,-8.597965999999999553e+00,-1.891902199999999823e+01,5.875707000000000235e+00,1.340081000000000078e+00,1.241222000000000047e+00,-1.855884000000000089e+00,-1.081148800000000065e+01,-1.718733699999999942e+01,-1.614132800000000145e+01,3.095200000000000173e-01,1.043074999999999974e+01,1.225652200000000036e+01,-1.671607999999999983e+00,9.009233999999999298e+00,1.030720099999999917e+01,1.359868299999999941e+01,-1.038532499999999992e+01,-9.569184999999999164e+00,7.144771000000000427e+00,1.630714999999999915e+00,-4.652501600000000082e+01,-6.184043499999999938e+01,-4.587651799999999724e+01,-5.602708100000000258e+01,-3.411610300000000251e+01,-4.710029000000000110e+01,-4.212683700000000186e+01,-4.487407499999999771e+01,-2.983626500000000092e+01,-3.407103299999999990e+01,-2.518118899999999982e+01,-2.734505800000000164e+01,-3.432216300000000331e+01,-5.125755500000000353e+01,-2.307438300000000098e+01,-2.789567600000000169e+01,-1.466923599999999972e+01,-8.819046999999999414e+00,-1.453191299999999941e+01,-3.133579399999999993e+01,1.887411600000000078e+01,2.785499000000000169e+00,-6.062218999999999802e+00,-1.228086999999999929e+00,1.442503800000000069e+01,-6.906822000000000017e+00,-7.666223999999999705e+00,-1.632010000000000005e+01,5.942110000000000447e-01,-7.266313000000000244e+00,-2.953107000000000149e+00,9.881149999999999656e-01,1.336635000000000018e+00,-1.185971299999999928e+01,-1.111627900000000047e+01,-7.311349999999999794e-01,-2.484183999999999948e+00,-3.709499999999999797e+00,-1.701384099999999933e+01,-1.499164799999999964e+01,-1.298044100000000078e+01,-1.059541600000000017e+01,-1.540177399999999963e+01,-2.052109700000000103e+01,-8.413736999999999355e+00,-8.977308999999999983e+00,-8.873105999999999938e+00,-1.217831900000000012e+01,-9.425019000000000702e+00,-9.485694000000000514e+00,-1.824201400000000106e+01,-1.146236599999999939e+01,-9.691751000000000005e+00,-1.752477999999999980e+00,-1.439896700000000074e+01,6.214999999999999858e+00,-2.809946300000000008e+01,-7.062324000000000268e+00,-3.673962600000000123e+01,-1.388610000000000078e+01,2.867728000000000055e+00,1.409483000000000041e+00,1.038556999999999952e+00,-4.303440000000000043e-01,9.013882999999999868e+00,4.452268899999999974e+01,4.322400000000000131e-01,-1.441596999999999973e+01,1.122504600000000075e+01,1.750107200000000063e+01,-3.796866399999999686e+01,-2.707239200000000068e+01,-1.103110700000000044e+01,-5.319766000000000439e+00,4.971856999999999971e+00,7.204308000000000334e+01
-1.344615499999999919e+01,-1.241211200000000048e+01,1.995130999999999988e+00,1.041493999999999920e+00,7.698990000000000222e+00,-3.026209000000000149e+00,4.744399999999999729e+00,-5.174255999999999744e+00,5.076899000000000051e+00,-9.715375999999999124e+00,-1.116025899999999993e+01,-1.471234300000000061e+01,6.691829999999999723e-01,-6.390755999999999659e+00,-8.536111999999999256e+00,-8.565671999999999287e+00,-1.575385499999999972e+01,-1.795394900000000149e+01,-9.556440000000000490e-01,-1.792739500000000064e+01,-9.703426000000000329e+00,-9.256619999999999848e+00,4.936687000000000047e+00,4.069539999999999935e+00,1.671289999999999942e+00,4.636129999999999973e-01,-7.254026999999999781e+00,-1.169368399999999930e+01,-1.619784900000000150e+01,-6.986264000000000252e+00,8.295018999999999920e+00,1.817272999999999916e+00,-6.211947999999999581e+00,1.280075000000000074e+00,9.404661000000000826e+00,1.216676999999999964e+01,-2.622703000000000007e+00,-1.021519400000000033e+01,7.075328999999999979e+00,4.240560999999999581e+00,-3.803148999999999802e+01,-6.473795699999999442e+01,-3.961787799999999748e+01,-5.237669499999999800e+01,-2.620048099999999991e+01,-3.749265199999999965e+01,-3.468318000000000012e+01,-4.272668000000000177e+01,-2.384172099999999972e+01,-2.793809200000000104e+01,-2.036199799999999982e+01,-1.876458999999999833e+01,-2.245766100000000165e+01,-3.519951199999999858e+01,-1.636406399999999906e+01,-2.206629200000000068e+01,-1.358971499999999999e+01,-1.041689099999999968e+01,-1.224550200000000011e+01,-2.718251800000000173e+01,1.052494300000000038e+01,2.132999999999999913e-03,-5.748110999999999748e+00,-3.750312999999999786e+00,8.715415000000000134e+00,-9.673413999999999291e+00,-8.696165999999999840e+00,-1.636853199999999831e+01,-7.657479999999999620e+00,-2.040362199999999859e+01,-1.607825000000000060e+00,1.764391999999999960e+00,-2.199882000000000115e+00,-7.131267000000000245e+00,-2.986838999999999800e+00,-1.762396999999999991e+00,-5.589427999999999841e+00,-5.488908000000000342e+00,-2.756137899999999874e+01,-2.411032600000000059e+01,-1.322561800000000076e+01,-1.434789699999999968e+01,-1.272331900000000005e+01,-2.435028900000000007e+01,-5.890297999999999590e+00,-4.512671000000000099e+00,-4.029716999999999771e+00,-8.111530999999999381e+00,-5.767755000000000187e+00,-7.457714000000000176e+00,-1.445187300000000086e+01,-6.637360000000000149e+00,-5.615382999999999569e+00,4.403850000000000264e-01,-6.664443000000000339e+00,6.649511000000000394e+00,-2.721398100000000042e+01,-6.684878000000000320e+00,-3.117040899999999937e+01,-1.267763399999999940e+01,1.923615999999999993e+00,6.566739999999999799e-01,-1.503565999999999958e+00,-1.881442000000000059e+00,5.515971999999999653e+00,3.544115399999999738e+01,-4.620001000000000246e+00,-3.238313999999999915e+00,2.885855600000000010e+01,1.555429999999999957e+01,-5.014097199999999788e+01,-1.818480100000000022e+01,-8.064139000000000834e+00,-6.906851999999999769e+00,-1.398409499999999994e+01,5.002674700000000030e+01
-1.212935599999999958e+01,-7.275870000000000282e+00,-2.467363999999999891e+00,-1.232364000000000015e+00,4.144091000000000413e+00,4.692029999999999812e-01,6.106000000000000316e-03,-7.328975999999999935e+00,1.595496999999999943e+00,-8.457743999999999929e+00,-5.644292000000000087e+00,-1.492995999999999945e+01,2.391652000000000111e+00,-8.137776999999999816e+00,3.876680000000000126e-01,-9.024843000000000615e+00,-1.053342600000000040e+01,-1.220764100000000063e+01,-6.569139999999999979e-01,-1.332852800000000038e+01,-6.773907000000000345e+00,-4.997517000000000209e+00,1.546985000000000054e+00,4.074506999999999657e+00,-1.963260000000000005e-01,1.066550000000000109e+00,-2.211498000000000186e+00,-5.928320000000000256e+00,-8.798735000000000639e+00,-1.093722999999999956e+01,3.760928999999999967e+00,-1.131155099999999969e+01,-9.048989999999999867e+00,-9.150835999999999970e+00,7.202899999999999636e+00,6.398277000000000214e+00,4.227412000000000170e+00,-8.265083000000000624e+00,6.117185000000000095e+00,6.999575000000000102e+00,-1.133305099999999932e+01,-4.608909200000000084e+01,-2.885025600000000168e+01,-4.252604900000000043e+01,-1.546826199999999929e+01,-2.745158699999999996e+01,-2.421680599999999828e+01,-3.368744699999999881e+01,-1.601622899999999916e+01,-2.064299700000000115e+01,-1.283856300000000061e+01,-1.058350700000000089e+01,-1.233103299999999969e+01,-1.654422999999999888e+01,-6.118189000000000100e+00,-1.364616000000000007e+01,-1.156428000000000011e+01,-8.783746000000000720e+00,-7.986914999999999765e+00,-1.805944300000000169e+01,8.051190000000000291e-01,-4.460042999999999758e+00,-4.341520000000000046e+00,-4.611476999999999826e+00,2.783186000000000160e+00,-1.372990599999999972e+01,-7.998814000000000313e+00,-1.634643600000000063e+01,-1.657366000000000028e+01,-2.500124900000000139e+01,-1.140597000000000083e+00,1.536945000000000006e+00,-4.299819000000000280e+00,-2.411596999999999991e+00,1.263773999999999953e+00,-3.394324999999999815e+00,-8.297337000000000629e+00,-1.036086700000000071e+01,-3.356619899999999745e+01,-2.390070300000000003e+01,-1.172640900000000030e+01,-1.322513000000000005e+01,-6.412764000000000131e+00,-1.769708599999999876e+01,-3.365962999999999816e+00,-1.567863999999999924e+00,2.692359999999999753e-01,-5.557079999999999798e-01,-2.389080000000000092e-01,-4.793946000000000041e+00,-8.584193000000000850e+00,-1.198703000000000074e+00,-2.684397000000000144e+00,3.070654999999999912e+00,1.947783999999999960e+00,4.977562999999999960e+00,-2.075936400000000148e+01,-4.424121000000000414e+00,-2.054676500000000061e+01,-8.671248000000000289e+00,-4.792299999999999893e-01,1.468938999999999995e+00,-3.301954999999999973e+00,-2.344971999999999834e+00,2.184576999999999991e+00,1.796950599999999909e+01,-5.920975000000000321e+00,9.941247000000000611e+00,3.585416200000000231e+01,9.936090000000000089e+00,-4.273170100000000105e+01,-5.114021000000000150e+00,-8.168350000000000222e+00,-4.337570999999999621e+00,-2.826440799999999953e+01,1.978502999999999901e+01
-1.351695499999999939e+01,-3.715568000000000204e+00,-6.998307999999999751e+00,-5.029976999999999698e+00,-2.440249999999999808e+00,7.943820000000000325e-01,-5.593118999999999730e+00,-1.042973500000000087e+01,-1.523260999999999976e+00,-7.822629000000000055e+00,-3.798230000000000217e+00,-1.504078200000000010e+01,9.656489999999999796e-01,-1.111467500000000008e+01,7.004318999999999740e+00,-7.534523000000000081e+00,-9.758072999999999553e+00,-7.693810000000000038e+00,-3.417478000000000016e+00,-1.250193600000000060e+01,-1.438161999999999940e+00,-8.831514999999999560e+00,-3.603451000000000182e+00,-5.082170000000000298e-01,-4.053859000000000101e+00,-3.400039999999999729e-01,1.030210999999999988e+00,-3.101433000000000106e+00,5.757780000000000120e-01,-1.280733299999999986e+01,-2.656159000000000159e+00,-2.227044499999999871e+01,-1.066811200000000071e+01,-2.079947500000000105e+01,3.113910000000000178e+00,-2.782455000000000123e+00,6.394610000000000127e+00,-5.624657000000000018e+00,3.141284000000000187e+00,7.609086999999999712e+00,2.224706899999999976e+01,-1.373558899999999916e+01,-2.096958199999999906e+01,-3.576791699999999707e+01,-1.035375299999999932e+01,-2.407870099999999880e+01,-1.682762500000000117e+01,-2.449680000000000035e+01,-1.264297999999999966e+01,-1.704400800000000160e+01,-7.399026000000000103e+00,-8.086764999999999759e+00,-9.297385000000000232e+00,-5.862015999999999671e+00,8.439449999999999452e-01,-9.179543999999999926e+00,-1.198507599999999940e+01,-7.375141000000000169e+00,-7.983870999999999718e+00,-1.260333299999999923e+01,-1.047523799999999916e+01,-1.239911099999999955e+01,-5.139089000000000240e+00,-6.304278000000000048e+00,-2.802191000000000098e+00,-1.819623699999999999e+01,-7.388243000000000116e+00,-1.854340900000000047e+01,-2.267129800000000017e+01,-2.721743800000000135e+01,-1.577282999999999991e+00,1.297484000000000082e+00,-6.109695999999999572e+00,-1.175102000000000091e+00,-2.629891999999999896e+00,-5.957758000000000109e+00,-1.203767200000000059e+01,-2.031546399999999863e+01,-3.430764700000000289e+01,-1.769134400000000085e+01,-1.123220899999999922e+01,-1.048799600000000076e+01,-3.281870000000000065e-01,-6.704765000000000086e+00,-3.348040000000000127e+00,-3.265976000000000212e+00,1.618278000000000105e+00,5.275458999999999676e+00,3.776301999999999826e+00,-4.557258000000000031e+00,-3.859920999999999935e+00,1.868298000000000014e+00,-2.108229000000000131e+00,4.690269999999999939e+00,5.588733999999999646e+00,-8.532410000000000272e-01,-1.225966999999999985e+01,-2.714554999999999829e+00,-1.206083100000000030e+01,-6.375960000000000072e+00,-2.739752999999999883e+00,3.452309000000000072e+00,-3.561633000000000049e+00,-1.633162000000000003e+00,-7.368580000000000130e-01,4.171914000000000122e+00,-4.417145999999999795e+00,1.786252400000000051e+01,3.049443099999999873e+01,1.105960999999999972e+00,-2.077673899999999918e+01,3.737061999999999884e+00,-1.375414800000000071e+01,-1.661799999999999944e-01,-3.414408600000000149e+01,-9.365596000000000032e+00
-1.909877499999999984e+01,-6.351229000000000013e+00,-1.123067099999999918e+01,-8.655034999999999812e+00,-9.942123999999999739e+00,-1.428736999999999924e+00,-1.081301200000000051e+01,-1.428565200000000068e+01,-4.298690999999999818e+00,-8.317151000000000849e+00,-8.060183000000000320e+00,-1.592256800000000005e+01,-4.143011999999999695e+00,-1.534662499999999952e+01,7.338244000000000433e+00,-5.937541999999999653e+00,-1.562322799999999923e+01,-8.864440000000000097e+00,-8.468099999999999739e+00,-1.924246399999999824e+01,4.038907000000000025e+00,-1.613578199999999896e+01,-7.663490999999999609e+00,-7.517642999999999631e+00,-7.433848000000000233e+00,-1.587441000000000102e+00,8.421920000000000517e-01,-2.418041000000000107e+00,5.728468999999999589e+00,-1.398986000000000018e+01,-8.653385999999999356e+00,-2.605589600000000061e+01,-1.143408299999999933e+01,-2.974002199999999974e+01,-1.792159000000000058e+00,-1.180991000000000035e+01,3.471874999999999822e+00,-3.493392000000000053e+00,-6.688859999999999806e-01,5.654162999999999606e+00,4.714269399999999877e+01,1.915149800000000013e+01,-1.940702599999999833e+01,-3.611828400000000272e+01,-1.392378500000000052e+01,-2.678369299999999953e+01,-1.524230700000000027e+01,-1.959856399999999965e+01,-1.584161399999999986e+01,-1.796370500000000092e+01,-6.123283999999999949e+00,-1.145482200000000006e+01,-1.302328200000000002e+01,-6.721517999999999660e+00,8.798960000000000115e-01,-1.095058599999999949e+01,-1.567917199999999944e+01,-8.612807000000000102e+00,-1.510464900000000021e+01,-1.602272400000000019e+01,-2.256215699999999913e+01,-2.245287000000000077e+01,-9.987280000000000157e+00,-1.084920100000000076e+01,-6.568308000000000035e+00,-2.018686599999999842e+01,-8.094139999999999446e+00,-2.227775700000000114e+01,-2.354243599999999859e+01,-3.200113799999999742e+01,-1.766798000000000091e+00,2.301178999999999863e+00,-8.245986999999999512e+00,-3.531343999999999816e+00,-1.208055000000000057e+01,-7.536501999999999590e+00,-1.623301000000000016e+01,-3.228073299999999790e+01,-3.078996899999999926e+01,-1.066934400000000061e+01,-1.294070100000000068e+01,-9.407797999999999661e+00,2.599514999999999798e+00,1.402635999999999994e+00,-5.843702000000000396e+00,-8.715925999999999618e+00,7.573399999999999577e-02,6.184306000000000303e+00,4.513262000000000107e+00,-7.095874000000000237e+00,-2.261845999999999801e+00,7.745319999999999983e-01,-3.173252000000000184e+00,4.110767000000000060e+00,2.652655999999999903e+00,-9.447590999999999184e+00,-5.043325000000000280e+00,-2.528223000000000109e+00,-1.008969500000000075e+01,-8.717079000000000022e+00,-3.564605999999999941e+00,5.303126999999999924e+00,-2.397853000000000012e+00,-1.474759999999999960e-01,-3.784450999999999787e+00,1.211481999999999948e+00,-3.040112000000000148e+00,1.575332200000000071e+01,1.689087800000000072e+01,-8.551951999999999998e+00,3.430721000000000132e+00,3.591794000000000153e+00,-2.265812899999999885e+01,2.682971000000000217e+00,-3.125354499999999902e+01,-3.090715499999999949e+01
-2.631366099999999975e+01,-1.500986100000000079e+01,-1.441855499999999957e+01,-9.894306000000000267e+00,-1.484670500000000004e+01,-3.244241999999999848e+00,-1.388669600000000059e+01,-1.693751500000000121e+01,-5.831767000000000145e+00,-8.451458999999999833e+00,-1.628839299999999923e+01,-1.746128200000000064e+01,-1.043169199999999996e+01,-1.937839200000000162e+01,2.481654999999999944e+00,-4.523488999999999649e+00,-2.457272499999999837e+01,-1.456791199999999975e+01,-1.297797300000000043e+01,-3.048230600000000123e+01,7.325535999999999603e+00,-1.850820799999999977e+01,-7.583885000000000431e+00,-1.186379699999999993e+01,-7.403825000000000323e+00,-2.392710000000000115e-01,-1.855320999999999998e+00,-5.894270000000000342e-01,3.713229000000000113e+00,-1.458012100000000011e+01,-1.133112000000000030e+01,-2.019409100000000024e+01,-1.101172099999999965e+01,-3.153613599999999906e+01,-5.145852999999999788e+00,-1.629807599999999823e+01,-1.677999000000000018e+00,-1.892943999999999960e+00,-2.749338999999999977e+00,2.795132999999999868e+00,5.130821399999999954e+01,4.063036699999999968e+01,-2.221513399999999905e+01,-4.074425600000000003e+01,-2.268488999999999933e+01,-2.938493000000000066e+01,-1.811897000000000091e+01,-1.888909400000000005e+01,-2.277036999999999978e+01,-2.050727699999999842e+01,-7.819922000000000040e+00,-1.639852799999999888e+01,-1.848082199999999986e+01,-1.438401499999999977e+01,-4.534735999999999656e+00,-1.629604700000000150e+01,-2.011728400000000150e+01,-1.192808400000000013e+01,-2.687375600000000020e+01,-2.687112700000000132e+01,-3.299323799999999807e+01,-3.052961300000000122e+01,-1.724159900000000079e+01,-1.786234699999999975e+01,-7.361284000000000383e+00,-1.734422599999999903e+01,-9.847550999999999277e+00,-2.504129100000000108e+01,-1.855577999999999861e+01,-3.799954699999999974e+01,-5.619650000000000478e-01,4.628566000000000180e+00,-1.018666100000000085e+01,-6.638283999999999629e+00,-2.039210500000000081e+01,-5.373978000000000144e+00,-1.850951399999999936e+01,-3.966012599999999821e+01,-2.380038400000000109e+01,-6.053467999999999627e+00,-1.530150599999999983e+01,-1.080974600000000052e+01,1.816548999999999969e+00,2.859424000000000188e+00,-8.505079000000000278e+00,-1.380451900000000087e+01,-2.155442999999999998e+00,2.643851000000000173e+00,2.759691000000000116e+00,-9.970648999999999873e+00,-3.375513000000000208e+00,-3.747266000000000208e+00,-3.597529999999999895e+00,1.463902999999999954e+00,-2.474619999999999820e+00,-1.620058300000000173e+01,-6.390139999999999709e-01,-2.077157000000000142e+00,-1.366006800000000077e+01,-1.431728200000000051e+01,-2.634281000000000095e+00,5.618998999999999633e+00,-5.276389999999999691e-01,1.386513000000000106e+00,-7.354398999999999909e+00,7.892426999999999637e+00,-4.225144000000000233e+00,4.357548000000000421e+00,1.806802999999999937e+00,-1.539602999999999966e+01,1.907361300000000170e+01,-3.471169999999999867e+00,-2.961711700000000036e+01,2.839415999999999940e+00,-2.217525499999999994e+01,-4.140383099999999672e+01
-3.007176400000000172e+01,-2.495099599999999995e+01,-1.554974699999999999e+01,-7.725095999999999741e+00,-1.415718799999999966e+01,-2.014276000000000177e+00,-1.343575399999999931e+01,-1.622133600000000087e+01,-4.717096999999999873e+00,-6.282653999999999961e+00,-2.337038400000000138e+01,-1.896267900000000139e+01,-1.399105499999999935e+01,-2.120883200000000102e+01,-3.096204999999999874e+00,-2.485958000000000112e+00,-2.964726200000000134e+01,-1.917594199999999915e+01,-1.369060099999999913e+01,-3.816777700000000095e+01,6.512745999999999924e+00,-1.063732399999999956e+01,-2.781573999999999991e+00,-9.442208000000000823e+00,-2.898986999999999981e+00,3.699269999999999836e+00,-4.536246000000000222e+00,4.325952000000000019e+00,-3.686078000000000188e+00,-1.350488999999999962e+01,-9.290926000000000684e+00,-6.782816000000000400e+00,-8.692080999999999946e+00,-2.441995899999999864e+01,-4.980424000000000184e+00,-1.375442800000000076e+01,-5.230021999999999949e+00,-3.934309999999999752e-01,-1.515525000000000011e+00,1.362954999999999917e+00,3.260981900000000167e+01,4.476456699999999955e+01,-2.455834799999999873e+01,-4.361616800000000183e+01,-2.987549200000000127e+01,-2.629386099999999971e+01,-2.205639599999999945e+01,-1.905939300000000003e+01,-2.817105799999999860e+01,-2.081316800000000100e+01,-9.796571999999999392e+00,-1.787787300000000101e+01,-1.996935300000000169e+01,-2.009717500000000001e+01,-1.047044600000000081e+01,-2.049668700000000143e+01,-2.115784800000000132e+01,-1.424895899999999926e+01,-3.706010899999999708e+01,-3.824752600000000058e+01,-3.814992699999999815e+01,-3.235019100000000236e+01,-2.222678300000000107e+01,-2.420855999999999852e+01,-5.840953999999999979e+00,-1.036862299999999948e+01,-1.113323899999999966e+01,-2.513685600000000164e+01,-8.844181000000000736e+00,-3.812946900000000028e+01,1.968163000000000107e+00,6.669211999999999918e+00,-1.073198000000000008e+01,-7.314485999999999599e+00,-2.227597899999999953e+01,1.469627999999999934e+00,-1.661073700000000031e+01,-3.704672300000000007e+01,-1.331923100000000026e+01,-3.514638000000000151e+00,-1.517019999999999946e+01,-1.280121199999999959e+01,-1.091550000000000020e+00,-1.080305999999999989e+00,-8.662226999999999677e+00,-1.442829099999999976e+01,-2.597227999999999870e+00,-2.267424000000000106e+00,8.654049999999999798e-01,-1.008483999999999980e+01,-4.867543000000000397e+00,-8.578547999999999618e+00,-9.904159999999999631e-01,-1.562451999999999952e+00,-2.341861999999999888e+00,-1.611209500000000006e+01,1.187942999999999971e+00,1.894505000000000106e+00,-1.787168099999999882e+01,-1.805838899999999825e+01,-4.637560000000000016e-01,3.857622999999999802e+00,1.356141999999999959e+00,2.315313999999999872e+00,-1.087718699999999927e+01,1.701724000000000103e+01,-8.051444000000000045e+00,-1.018206900000000026e+01,-9.379034000000000759e+00,-1.644976099999999875e+01,2.295397200000000026e+01,-1.028042600000000029e+01,-2.976395399999999825e+01,1.058808999999999889e+00,-1.100941300000000034e+01,-3.963682800000000128e+01
-2.632620599999999911e+01,-3.020811300000000088e+01,-1.390338900000000066e+01,-3.273054000000000130e+00,-7.300847000000000087e+00,2.227653999999999801e+00,-9.461871999999999616e+00,-1.170007200000000047e+01,-2.520220000000000238e-01,-1.342292999999999958e+00,-2.485251299999999830e+01,-1.976675699999999836e+01,-1.234254400000000018e+01,-1.962123800000000173e+01,-5.565712000000000437e+00,6.254340000000000455e-01,-2.541779500000000169e+01,-1.724854399999999899e+01,-9.091689000000000576e+00,-3.494617600000000124e+01,7.889850000000000474e-01,4.856171999999999933e+00,3.684483000000000175e+00,-9.214320000000000288e-01,4.095765000000000100e+00,7.019870000000000054e+00,-5.024884000000000128e+00,1.013674999999999926e+01,-1.167798799999999915e+01,-9.962930000000000064e+00,-4.034945999999999700e+00,7.753641000000000005e+00,-4.291914000000000229e+00,-1.128045099999999934e+01,-1.500575999999999910e+00,-5.326337999999999795e+00,-5.153953999999999702e+00,8.304420000000000135e-01,1.840529999999999999e+00,2.479493000000000169e+00,1.885860000000000036e-01,3.279264100000000326e+01,-2.273191399999999973e+01,-4.083910099999999943e+01,-3.035429900000000103e+01,-1.736582200000000142e+01,-2.429948200000000114e+01,-1.690305999999999997e+01,-2.807849300000000170e+01,-1.693787599999999927e+01,-1.022752499999999998e+01,-1.385489199999999954e+01,-1.513258399999999959e+01,-1.758804100000000048e+01,-1.234340800000000016e+01,-2.059887399999999857e+01,-1.609597600000000028e+01,-1.250590900000000083e+01,-3.960706100000000163e+01,-4.236725899999999712e+01,-3.509700999999999738e+01,-2.633445100000000139e+01,-2.019944999999999879e+01,-2.568940999999999875e+01,-4.665868999999999822e+00,-3.227646000000000015e+00,-1.031870499999999957e+01,-2.333569800000000072e+01,3.154107999999999912e+00,-2.539909000000000106e+01,4.357763000000000275e+00,6.151093999999999618e+00,-9.062561000000000533e+00,-4.662150999999999712e+00,-1.766663600000000045e+01,1.041549000000000014e+01,-1.045154699999999970e+01,-2.453447500000000048e+01,3.723409999999999775e-01,-5.779779999999999918e-01,-1.039548600000000000e+01,-1.265097600000000000e+01,-3.840218000000000131e+00,-6.105439999999999756e+00,-5.592240999999999573e+00,-9.648509999999999920e+00,-4.654659999999999909e-01,-5.485176000000000052e+00,7.213460000000000427e-01,-6.272904999999999731e+00,-4.224619999999999820e+00,-9.933968000000000131e+00,5.430794999999999817e+00,-2.649611999999999856e+00,7.984524000000000399e+00,-7.331107000000000262e+00,1.301841999999999944e+00,1.111986600000000003e+01,-1.791827200000000175e+01,-1.475595000000000034e+01,2.223818000000000072e+00,7.902350000000000207e-01,2.987772000000000094e+00,2.348958999999999797e+00,-1.288396000000000008e+01,2.103859299999999877e+01,-1.239654099999999914e+01,-1.981674900000000150e+01,-1.479596699999999920e+01,-1.131058999999999948e+01,1.926458500000000029e+01,-1.000323799999999963e+01,-2.172633899999999940e+01,-6.863339999999999996e-01,-1.583482000000000056e+00,-2.692577599999999904e+01
-1.517034300000000080e+01,-2.761442100000000011e+01,-9.664744999999999919e+00,7.984069999999999778e-01,3.265918999999999794e+00,6.639476000000000155e+00,-3.628690999999999889e+00,-5.329392000000000351e+00,6.542253999999999792e+00,4.649193000000000353e+00,-1.989452999999999960e+01,-1.954352700000000098e+01,-6.366944000000000159e+00,-1.496339599999999947e+01,-4.796272000000000091e+00,3.920186999999999866e+00,-1.198927100000000046e+01,-8.114921000000000717e+00,-6.864280000000000381e-01,-1.956406300000000087e+01,-8.777824999999999989e+00,1.864640599999999893e+01,6.697556999999999761e+00,7.842883999999999745e+00,9.537039999999999296e+00,5.488395999999999830e+00,-2.988862000000000130e+00,1.138705200000000062e+01,-1.586167499999999997e+01,-4.810857999999999635e+00,6.309069999999999956e-01,1.572141200000000083e+01,1.200004999999999988e+00,1.427605999999999931e+00,2.592829000000000050e+00,4.738204999999999778e+00,-2.449943999999999900e+00,7.011260000000000270e-01,3.783622999999999958e+00,5.148556000000000132e+00,-3.027303500000000014e+01,1.122477899999999984e+01,-1.659230300000000113e+01,-3.336085200000000128e+01,-2.353340599999999938e+01,-7.611836000000000269e+00,-2.405758300000000105e+01,-1.179684699999999964e+01,-2.201605699999999999e+01,-9.873034999999999783e+00,-9.233297000000000310e+00,-6.355648000000000408e+00,-6.241609000000000407e+00,-7.222611999999999810e+00,-9.050122000000000000e+00,-1.722920600000000135e+01,-5.846864000000000061e+00,-6.229435999999999751e+00,-3.226078300000000354e+01,-3.538728100000000154e+01,-2.363452600000000103e+01,-1.481416800000000045e+01,-9.891285999999999135e+00,-1.979557099999999892e+01,-6.760080000000000311e+00,-5.405560000000000365e-01,-6.785798999999999914e+00,-2.203345900000000057e+01,1.434673899999999946e+01,5.511390000000000455e-01,4.811668000000000056e+00,2.065242000000000022e+00,-5.505893000000000370e+00,-6.666590000000000016e-01,-1.105486100000000071e+01,1.634599499999999850e+01,-2.631022000000000194e+00,-8.195683999999999969e+00,1.519901600000000030e+01,4.498128000000000348e+00,-1.797083999999999904e+00,-9.179824999999999235e+00,-4.937428999999999846e+00,-8.428074999999999761e+00,-1.214388000000000023e+00,-2.396514999999999951e+00,2.729818999999999996e+00,-6.026928999999999981e+00,2.308732000000000006e+00,-3.352069999999999772e-01,-5.660100000000000131e-01,-5.748831000000000024e+00,1.394830699999999979e+01,-4.096259999999999901e-01,2.684850099999999884e+01,7.071576000000000306e+00,2.311840000000000006e-01,2.352831700000000126e+01,-1.264061899999999916e+01,-3.366683999999999788e+00,4.957793999999999812e+00,-1.926517000000000035e+00,4.414228999999999736e+00,1.598200000000000065e+00,-1.201942999999999984e+01,1.684765000000000157e+01,-1.480252600000000029e+01,-1.940519600000000011e+01,-1.531986299999999979e+01,-2.559794000000000125e+00,1.439255600000000079e+01,-1.298121000000000080e+00,-8.457000000000000739e+00,-6.931669999999999776e-01,3.965809000000000140e+00,-8.527390000000000470e+00
-1.213138999999999967e+00,-1.876298600000000150e+01,-4.096484000000000236e+00,2.074784999999999879e+00,1.322663200000000039e+01,7.764420000000000321e+00,1.520658999999999983e+00,-2.507190000000000252e-01,1.301239999999999952e+01,8.832102000000000785e+00,-1.150242100000000001e+01,-1.815613499999999902e+01,1.624470000000000081e-01,-8.888839000000000823e+00,-4.140532000000000323e+00,5.564047999999999661e+00,4.727978000000000236e+00,3.131235999999999908e+00,7.550821000000000005e+00,1.890530999999999962e+00,-1.897972700000000046e+01,2.140737800000000135e+01,2.590287000000000006e+00,9.582264999999999588e+00,9.899910999999999461e+00,-2.547843999999999998e+00,3.647700000000000248e-02,3.494580000000000020e+00,-1.483359899999999953e+01,-5.547950000000000381e-01,1.041176000000000101e+00,1.258975099999999969e+01,5.854500999999999955e+00,7.511626999999999832e+00,3.717769000000000101e+00,1.162762999999999991e+01,-1.195999999999999980e-01,-1.964595000000000091e+00,9.976420000000000288e-01,6.976627999999999830e+00,-4.498566799999999688e+01,-1.140836400000000062e+01,-8.925591999999999970e+00,-2.535233399999999904e+01,-1.275383199999999917e+01,-2.506850000000000023e+00,-2.186914700000000167e+01,-5.653330000000000410e+00,-1.249261699999999919e+01,-2.365695999999999799e+00,-8.112629000000000090e+00,5.706700000000000106e-01,1.816287999999999903e+00,4.701240000000000308e+00,-3.360612999999999850e+00,-1.338627100000000070e+01,5.290366999999999820e+00,1.715047999999999906e+00,-1.770499399999999923e+01,-1.949783199999999894e+01,-7.129542999999999964e+00,-2.752744999999999997e+00,4.924570000000000114e+00,-7.721752999999999645e+00,-1.279307099999999942e+01,-4.033724000000000309e+00,-1.315762000000000098e+00,-2.270037699999999958e+01,2.175797899999999885e+01,3.133693399999999940e+01,2.688350999999999935e+00,-4.029188000000000436e+00,-1.426619000000000081e+00,1.549539999999999917e+00,-7.289272999999999669e+00,1.497579099999999919e+01,3.074330999999999925e+00,3.838865999999999890e+00,2.707789199999999852e+01,1.077397599999999933e+01,7.010938999999999588e+00,-3.797757999999999967e+00,-4.311270999999999631e+00,-7.282600000000000406e+00,1.327317000000000080e+00,2.701201000000000185e+00,4.344821999999999740e+00,-5.132780999999999594e+00,3.871522000000000130e+00,4.221106999999999942e+00,4.648938000000000237e+00,2.720832999999999835e+00,2.091306099999999901e+01,4.476382000000000083e+00,4.658127799999999752e+01,2.047082199999999830e+01,-1.818818000000000046e+00,3.370375899999999803e+01,-5.152191000000000187e+00,1.143164100000000083e+01,7.431440000000000268e+00,-2.852113999999999816e+00,5.541897999999999769e+00,3.789370000000000238e-01,-8.225002999999999176e+00,6.882492000000000054e+00,-1.440316600000000058e+01,-9.750280000000000058e+00,-1.228966199999999986e+01,5.792886000000000202e+00,1.160417999999999950e+01,1.050976099999999924e+01,4.425498000000000154e+00,1.504599000000000020e+00,5.681614999999999860e+00,6.418238999999999805e+00
9.107445999999999486e+00,-8.740399999999999281e+00,9.424040000000000195e-01,2.289400000000000115e-02,1.864276600000000172e+01,4.289531000000000205e+00,3.981628000000000167e+00,1.367097999999999924e+00,1.617564600000000041e+01,9.152366000000000668e+00,-4.123371999999999815e+00,-1.541391999999999918e+01,3.146724999999999994e+00,-3.339320999999999984e+00,-7.325052000000000341e+00,4.191514999999999880e+00,1.662831500000000062e+01,9.017115999999999687e+00,1.134321599999999997e+01,1.974287700000000001e+01,-2.544768300000000139e+01,1.100879100000000044e+01,-7.931580000000000297e+00,1.023714000000000013e+00,4.521164999999999878e+00,-1.409089200000000019e+01,1.938488999999999907e+00,-1.301985799999999927e+01,-1.041582599999999914e+01,2.487580000000000069e-01,-3.691492000000000218e+00,2.183000000000000045e-03,7.825607999999999898e+00,5.031398000000000259e+00,-6.707899999999999974e-02,1.274102399999999946e+01,-8.089220000000000299e-01,-7.256388000000000282e+00,-6.844519000000000020e+00,5.921548999999999729e+00,-3.947330199999999678e+01,-2.767797300000000149e+01,-2.792511000000000188e+00,-2.016222600000000043e+01,-2.300081000000000042e+00,-3.240613999999999884e+00,-1.814069900000000146e+01,-8.703039999999999665e-01,-2.759752000000000205e+00,3.160102000000000189e+00,-7.753549999999999720e+00,4.033146000000000342e+00,5.072434000000000331e+00,1.058937500000000043e+01,4.090179999999999927e-01,-1.161499500000000040e+01,1.214464599999999983e+01,6.805233999999999561e+00,-1.813485000000000014e+00,-1.304245000000000099e+00,8.647750000000000270e+00,5.113628000000000284e+00,1.718962000000000145e+01,5.795509000000000022e+00,-2.000107699999999866e+01,-1.094857000000000014e+01,4.379776999999999809e+00,-2.406964400000000026e+01,2.340166299999999922e+01,5.399679600000000335e+01,-8.302019999999999955e-01,-8.542384000000000199e+00,1.619529999999999914e+00,2.832910000000000150e-01,-7.534769999999999968e+00,6.276167000000000051e+00,4.156689000000000078e+00,6.877036999999999622e+00,3.154070000000000107e+01,1.507100299999999926e+01,1.183156600000000047e+01,4.861320000000000086e-01,-2.946476999999999791e+00,-4.841118999999999950e+00,5.646099999999999730e-02,2.619270000000000209e+00,2.588678999999999952e+00,-4.756014999999999660e+00,3.445596000000000103e+00,4.700536999999999743e+00,8.436242999999999270e+00,1.118779100000000071e+01,2.254819900000000032e+01,9.392134000000000427e+00,5.838626699999999659e+01,2.642772300000000030e+01,-4.271606000000000236e+00,3.606603199999999987e+01,-3.573000000000000065e-01,2.169186600000000098e+01,9.079957000000000278e+00,-1.817862000000000089e+00,5.830485000000000362e+00,-1.046103999999999923e+00,-3.092569000000000123e+00,-3.385747999999999980e+00,-1.232782399999999967e+01,3.161909000000000081e+00,-6.036851000000000411e+00,1.078527899999999917e+01,9.734386000000000649e+00,1.704381300000000010e+01,1.152946200000000054e+01,5.145896999999999721e+00,5.195370999999999739e+00,8.534998999999999114e+00
1.146227200000000046e+01,-2.721905000000000019e+00,3.872831000000000135e+00,-3.761409000000000002e+00,1.785810700000000040e+01,-1.852681999999999940e+00,3.392373000000000083e+00,-2.511030000000000206e-01,1.439222200000000029e+01,5.681452000000000169e+00,-5.986569999999999947e-01,-1.110505500000000012e+01,9.585090000000000554e-01,4.682220000000000271e-01,-1.508946700000000085e+01,7.969600000000000295e-02,1.840328999999999837e+01,5.014001000000000374e+00,8.614008999999999361e+00,2.676619600000000077e+01,-2.486249799999999865e+01,-5.439607999999999777e+00,-1.977565900000000099e+01,-1.420636400000000066e+01,-3.995816000000000034e+00,-2.299418500000000165e+01,1.549137999999999904e+00,-3.171346700000000141e+01,-5.786018000000000328e+00,-2.973923999999999790e+00,-1.083688399999999952e+01,-1.492387500000000067e+01,6.438790000000000013e+00,-2.519207000000000196e+00,-7.500047999999999604e+00,8.767758999999999858e+00,-4.930301000000000045e+00,-1.366756799999999927e+01,-1.637772000000000006e+01,1.718061000000000060e+00,-2.062856199999999873e+01,-3.355842700000000178e+01,7.539050000000000473e-01,-1.744299099999999925e+01,5.302552000000000376e+00,-6.022656999999999705e+00,-1.246078400000000030e+01,1.720715999999999912e+00,5.137888000000000233e+00,5.908142999999999923e+00,-7.778345999999999982e+00,4.047626000000000168e+00,2.942613000000000145e+00,6.715442000000000355e+00,-4.464569999999999927e-01,-1.198840200000000067e+01,1.176510700000000043e+01,5.756750000000000256e+00,9.586982000000000781e+00,1.210707999999999984e+01,1.819485600000000147e+01,6.795853000000000144e+00,2.070990899999999968e+01,1.489776099999999914e+01,-2.371093000000000117e+01,-1.591179600000000072e+01,8.499871000000000620e+00,-2.297573699999999874e+01,1.905438300000000140e+01,5.862158199999999653e+01,-3.509761999999999826e+00,-8.133366000000000540e+00,2.779382000000000019e+00,-3.466466000000000047e+00,-8.714705000000000368e+00,-4.781193000000000026e+00,9.726280000000000481e-01,2.658106000000000080e+00,2.620230499999999907e+01,1.432601200000000041e+01,1.050599099999999986e+01,1.183132999999999990e+00,-2.063069000000000042e+00,-4.091061999999999976e+00,-4.355204999999999771e+00,-2.154854999999999965e+00,-2.168877000000000166e+00,-5.875123999999999569e+00,4.493460000000000232e-01,1.066464000000000079e+00,8.080719000000000207e+00,1.452528200000000069e+01,1.700305399999999878e+01,1.120934500000000078e+01,5.791901800000000122e+01,2.240935899999999847e+01,-5.807053999999999938e+00,2.860363299999999853e+01,-1.357615999999999934e+00,2.121350599999999886e+01,8.919166000000000594e+00,-1.635530000000000039e-01,4.506264999999999965e+00,-2.589557000000000109e+00,1.008416999999999897e+00,-9.325613999999999848e+00,-1.036461700000000086e+01,1.218349199999999932e+01,3.523776999999999937e+00,1.207128499999999960e+01,6.127854000000000134e+00,1.270188899999999954e+01,1.015572799999999987e+01,8.864993000000000123e+00,4.434585000000000221e+00,-5.717064999999999841e+00
6.165458000000000105e+00,-2.818658999999999804e+00,4.130874999999999631e+00,-6.843099999999999739e+00,1.194832500000000053e+01,-6.931487999999999872e+00,1.056886999999999910e+00,-2.875150999999999790e+00,8.257730000000000459e+00,3.773299999999999987e-01,-7.217280000000000362e-01,-5.350412999999999641e+00,-4.559917000000000442e+00,2.417750999999999983e+00,-2.429650499999999980e+01,-4.936049999999999827e+00,1.060919699999999999e+01,-7.043147000000000268e+00,7.695640000000000258e-01,2.228582300000000060e+01,-1.726070299999999946e+01,-1.656149999999999878e+01,-2.664137200000000050e+01,-2.767459399999999903e+01,-1.160935600000000001e+01,-2.429348900000000100e+01,-7.155690000000000106e-01,-4.381990400000000108e+01,-3.181672999999999973e+00,-7.985572999999999588e+00,-1.578995399999999982e+01,-2.394941899999999890e+01,2.549789999999999779e+00,-8.879571000000000325e+00,-1.479203399999999924e+01,2.453411000000000008e+00,-1.054853499999999933e+01,-1.881599399999999989e+01,-2.267771799999999871e+01,-4.052616000000000440e+00,-2.098714999999999886e+00,-2.958149500000000032e+01,2.896352999999999955e+00,-1.367469299999999954e+01,9.878861000000000558e+00,-5.835857999999999990e+00,-4.285644999999999705e+00,3.250872999999999902e+00,1.069368899999999911e+01,6.540219999999999700e+00,-7.105402999999999913e+00,2.747818000000000094e+00,-1.860317999999999916e+00,-4.425402000000000058e+00,-5.274948000000000192e+00,-1.232830300000000001e+01,5.066739000000000104e+00,-1.371369000000000060e+00,1.344972899999999960e+01,1.686396600000000134e+01,1.895480500000000035e+01,3.710742000000000207e+00,1.403029599999999988e+01,1.588532499999999992e+01,-2.081277199999999894e+01,-1.502031400000000083e+01,9.795116999999999408e+00,-1.738912200000000041e+01,1.049653999999999954e+01,4.413217199999999707e+01,-3.757432999999999801e+00,-2.232009000000000132e+00,2.191424000000000039e+00,-6.947839000000000098e+00,-6.730743000000000364e+00,-1.113846200000000053e+01,-3.644848999999999783e+00,-2.371262999999999899e+00,1.237421100000000074e+01,7.956900000000000084e+00,4.103684999999999583e+00,-2.057246000000000130e+00,-2.463888999999999996e+00,-6.531494000000000355e+00,-9.148265999999999565e+00,-8.390705999999999776e+00,-7.690699999999999648e+00,-7.965258999999999645e+00,-3.910026999999999919e+00,-4.192021000000000441e+00,2.816774000000000111e+00,9.695266999999999413e+00,5.497288000000000174e+00,8.142317000000000249e+00,4.742716999999999672e+01,1.111562699999999992e+01,-4.985973000000000432e+00,1.441132999999999953e+01,-7.290663000000000338e+00,9.744716000000000378e+00,6.039871999999999908e+00,1.154410000000000019e-01,1.217368000000000006e+00,-4.240751999999999633e+00,2.456246999999999847e+00,-9.847110999999999947e+00,-9.157142000000000337e+00,1.349899699999999925e+01,1.508803600000000067e+01,1.140389200000000081e+01,4.720119999999999871e-01,-1.365566000000000058e+00,1.305125000000000091e+00,1.126104800000000061e+01,4.403590000000000337e+00,-3.004307400000000072e+01
-2.312834000000000056e+00,-7.132903999999999911e+00,2.336300000000000043e+00,-7.727674999999999628e+00,3.630809999999999871e+00,-8.261509999999999465e+00,-1.100950000000000095e+00,-4.064118999999999815e+00,1.279460000000000042e-01,-4.366795999999999900e+00,-2.173632000000000009e+00,1.098538999999999932e+00,-9.555213000000000179e+00,3.170136999999999983e+00,-3.016567900000000080e+01,-8.722497999999999863e+00,-1.028864000000000001e+00,-1.988313499999999934e+01,-8.066805000000000447e+00,1.171956800000000065e+01,-6.724224999999999675e+00,-1.515103500000000025e+01,-2.524474199999999868e+01,-3.195105900000000076e+01,-1.554529299999999914e+01,-1.815848799999999841e+01,-3.414276999999999784e+00,-4.385797300000000121e+01,-2.826295000000000002e+00,-1.094419199999999925e+01,-1.526476000000000077e+01,-2.300287000000000148e+01,-2.069463999999999970e+00,-9.684096999999999511e+00,-1.817916400000000010e+01,-3.778385000000000105e+00,-1.489522000000000013e+01,-2.086559799999999854e+01,-2.275422400000000067e+01,-9.189826000000000050e+00,4.285601999999999911e+00,-2.039929199999999909e+01,5.509339999999999904e+00,-5.268614000000000352e+00,1.235688200000000059e+01,-1.086618000000000084e+00,5.868488000000000149e+00,5.553961000000000148e+00,1.401049399999999956e+01,6.169090999999999880e+00,-5.203265000000000029e+00,2.155158000000000129e+00,-5.442333999999999783e+00,-1.570341699999999996e+01,-1.071931999999999974e+01,-1.011942499999999967e+01,-3.939163000000000192e+00,-1.121790799999999955e+01,1.047304100000000027e+01,1.379572399999999988e+01,1.244304699999999997e+01,-6.472580000000000000e-01,1.423823999999999979e+00,9.345001999999999143e+00,-1.261504099999999973e+01,-8.948492999999999142e+00,7.811143000000000391e+00,-8.998934000000000211e+00,8.491490000000000427e-01,1.836356800000000078e+01,-1.931137000000000103e+00,6.077352000000000309e+00,5.607480000000000242e-01,-7.958994999999999820e+00,-5.825989999999999780e-01,-8.473727000000000231e+00,-6.408313999999999844e+00,-2.133414999999999839e+00,-5.269343000000000110e+00,-1.556683000000000039e+00,-4.008080999999999783e+00,-7.399358999999999575e+00,-4.301427000000000334e+00,-1.130086000000000013e+01,-1.156833600000000040e+01,-1.272418799999999983e+01,-1.144445799999999913e+01,-9.786996999999999503e+00,-7.631505999999999901e+00,-7.907538999999999874e+00,-5.542917000000000094e+00,-2.277979000000000198e+00,-8.093175999999999704e+00,8.717019999999999769e-01,3.299070499999999839e+01,-1.337221999999999911e+00,-1.489713999999999983e+00,-1.992250000000000132e-01,-1.387022400000000033e+01,-6.550919000000000381e+00,5.243470000000000075e-01,-2.179295000000000204e+00,-3.369188999999999989e+00,-5.843471000000000082e+00,1.418585999999999903e+00,-7.727330000000000254e+00,-7.578208000000000055e+00,8.514656000000000446e+00,2.501680599999999899e+01,1.050625999999999927e+01,-4.243813000000000279e+00,-1.777863200000000177e+01,-1.085695399999999999e+01,1.111008600000000079e+01,4.776510000000000034e+00,-5.076450400000000229e+01
-8.355990999999999502e+00,-1.130704700000000074e+01,-1.392909999999999981e-01,-6.726116000000000206e+00,-4.433481999999999701e+00,-6.169992999999999839e+00,-1.857002999999999959e+00,-2.858843999999999941e+00,-7.323443000000000147e+00,-7.137033999999999878e+00,-2.698558999999999930e+00,7.058040000000000092e+00,-1.089985300000000024e+01,3.582507999999999804e+00,-2.977749499999999827e+01,-1.021167299999999933e+01,-9.334590000000000387e+00,-2.540953700000000026e+01,-1.342419399999999996e+01,2.289206000000000074e+00,5.496649999999999592e-01,-3.650971999999999884e+00,-1.751922300000000021e+01,-2.586957500000000110e+01,-1.589062599999999925e+01,-1.018759900000000052e+01,-5.221263000000000432e+00,-3.318242000000000047e+01,-3.506695999999999813e+00,-8.947412999999999172e+00,-9.643477000000000743e+00,-1.474737400000000065e+01,-5.833739999999999704e+00,-5.636129000000000389e+00,-1.653319400000000172e+01,-9.344181000000000736e+00,-1.619576599999999900e+01,-1.950990900000000039e+01,-1.772927500000000123e+01,-1.235879300000000036e+01,-4.183893999999999558e+00,-1.243600099999999919e+01,9.576358000000000814e+00,8.641396999999999551e+00,1.343964000000000070e+01,5.182339999999999947e+00,1.615308100000000024e+01,9.666506000000000043e+00,1.506684399999999968e+01,5.695988999999999969e+00,-2.657793999999999990e+00,2.684204999999999952e+00,-5.025049000000000099e+00,-1.942155500000000146e+01,-1.298533300000000068e+01,-4.308872000000000035e+00,-1.065947599999999973e+01,-1.912229200000000162e+01,4.297608999999999568e+00,7.369153999999999982e+00,3.203853000000000062e+00,-2.848685000000000134e+00,-9.737202999999999165e+00,-2.189399999999999957e-01,-4.603655999999999970e+00,-2.435607000000000077e+00,2.942088000000000036e+00,-2.688009000000000093e+00,-6.881497999999999671e+00,-7.183068999999999704e+00,-1.804000000000000048e-01,1.166899599999999992e+01,-1.512672999999999934e+00,-6.564394000000000062e+00,6.232241000000000142e+00,1.464096999999999982e+00,-5.715628999999999849e+00,4.543027000000000371e+00,-2.071410900000000055e+01,-1.023310999999999993e+01,-1.034772099999999995e+01,-1.213313300000000083e+01,-7.116540999999999784e+00,-1.600591400000000064e+01,-1.078459100000000070e+01,-1.391143300000000060e+01,-1.220746600000000015e+01,-1.052496999999999971e+01,-9.399368000000000833e+00,-8.274290000000000589e+00,-1.331215699999999913e+01,-1.649508600000000058e+01,-1.897453099999999893e+01,-7.754508000000000401e+00,1.923116299999999868e+01,-9.074923999999999324e+00,3.197246999999999950e+00,-9.742644000000000304e+00,-1.593749799999999972e+01,-1.875335799999999864e+01,-5.968064000000000036e+00,-6.380404999999999660e+00,-7.572897000000000212e+00,-6.965360999999999692e+00,-4.005159999999999831e-01,-7.942588999999999899e+00,-3.875628999999999991e+00,1.992534999999999945e+00,2.860484100000000041e+01,9.159494999999999720e+00,-4.505263000000000240e+00,-2.743605499999999964e+01,-2.058080100000000101e+01,7.477665000000000006e+00,4.517891999999999797e+00,-5.571253800000000211e+01
-8.578468000000000870e+00,-1.124511799999999972e+01,-1.874454000000000065e+00,-5.280720999999999776e+00,-1.074995299999999965e+01,-3.519786999999999999e+00,-1.311477000000000004e+00,-3.946600000000000108e-02,-1.246678400000000053e+01,-7.813977999999999646e+00,-1.588913000000000020e+00,1.163813599999999937e+01,-8.140454999999999330e+00,4.362731000000000137e+00,-2.404888100000000151e+01,-9.760320000000000107e+00,-9.817149000000000569e+00,-1.978200599999999909e+01,-1.300505599999999973e+01,-1.740518000000000010e+00,4.365299999999999736e-02,7.708066999999999780e+00,-9.108083000000000595e+00,-1.519820799999999927e+01,-1.495694600000000030e+01,-7.389126000000000083e+00,-5.699837999999999738e+00,-1.884327000000000041e+01,-3.914590000000000014e+00,-2.126879000000000186e+00,-2.718910000000000160e+00,-6.467831999999999582e+00,-8.113772000000000872e+00,-1.715184000000000042e+00,-1.208643000000000001e+01,-1.497216000000000058e+01,-1.443052400000000013e+01,-1.574431900000000084e+01,-1.191527699999999967e+01,-1.369166899999999920e+01,-1.960085300000000075e+01,-1.022675100000000015e+01,1.504744999999999955e+01,2.605223600000000062e+01,1.361054799999999965e+01,8.772954999999999615e+00,2.460571500000000000e+01,1.548351100000000002e+01,1.418064000000000036e+01,6.048979000000000106e+00,-3.639519999999999977e-01,3.682570999999999817e+00,1.618989999999999874e-01,-1.117954300000000067e+01,-9.985044000000000253e+00,4.421518999999999977e+00,-1.244470199999999949e+01,-2.163108899999999934e+01,-2.379489999999999938e-01,3.152578000000000102e+00,-3.719075999999999826e+00,-1.033238000000000101e+00,-1.354066399999999959e+01,-7.050003000000000242e+00,-2.800676999999999861e+00,-2.996440000000000214e-01,-3.474603999999999804e+00,-2.690636000000000028e+00,-1.130668799999999941e+01,-2.388365800000000050e+01,-8.357299999999999729e-01,1.058177700000000065e+01,-3.840091000000000143e+00,-4.817263999999999768e+00,8.401175999999999533e+00,1.159625499999999931e+01,-2.396136999999999961e+00,1.334427699999999994e+01,-2.903414899999999932e+01,-1.503015300000000032e+01,-1.311824299999999965e+01,-1.420266999999999946e+01,-9.935188000000000130e+00,-1.827824899999999886e+01,-8.125400000000000844e+00,-1.299878999999999962e+01,-1.054231700000000060e+01,-1.018271799999999949e+01,-9.311068000000000566e+00,-5.577469999999999928e+00,-1.654280699999999982e+01,-2.650695500000000138e+01,-2.354878700000000080e+01,-1.422764600000000002e+01,5.848106999999999722e+00,-9.599285000000000068e+00,6.561351000000000155e+00,-1.287629699999999922e+01,-1.015979600000000005e+01,-2.054932000000000158e+01,-1.062426699999999968e+01,-1.009116000000000035e+01,-9.453564000000000078e+00,-7.029115000000000002e+00,-1.132328999999999919e+00,-1.516321899999999978e+01,2.388059999999999850e+00,-1.968830000000000080e+00,2.287621700000000047e+01,5.242778999999999634e+00,-9.401800000000000435e-02,-2.486230400000000174e+01,-2.257205000000000084e+01,1.392200000000000104e-01,3.030998999999999999e+00,-4.393766500000000264e+01
-3.360551000000000066e+00,-5.210319000000000145e+00,-1.957381999999999955e+00,-4.411431000000000324e+00,-1.494271400000000050e+01,-3.189569000000000099e+00,-4.268230000000000079e-01,3.097294000000000214e+00,-1.512208599999999947e+01,-6.780655999999999572e+00,5.833220000000000072e-01,1.497672200000000053e+01,-3.306554000000000215e+00,6.071083999999999925e+00,-1.669117500000000121e+01,-8.324894000000000460e+00,-2.656095999999999790e+00,-5.538935000000000386e+00,-7.821329000000000420e+00,-9.323850000000000193e-01,-7.780526000000000053e+00,8.932506999999999309e+00,-5.196797000000000111e+00,-8.101219000000000392e+00,-1.500835999999999970e+01,-1.261684100000000086e+01,-5.211736000000000146e+00,-8.590745000000000076e+00,-3.484534000000000020e+00,6.290462999999999916e+00,1.033101999999999965e+00,-4.627337999999999951e+00,-9.152748000000000772e+00,-2.926306999999999992e+00,-8.696125000000000327e+00,-2.076044100000000014e+01,-1.066180999999999912e+01,-1.070167499999999983e+01,-9.386758000000000379e+00,-1.416723600000000083e+01,-2.873512699999999853e+01,-1.331276899999999941e+01,2.200667299999999926e+01,4.436978200000000072e+01,1.419780599999999993e+01,9.430773999999999546e+00,3.092166100000000029e+01,2.265120200000000139e+01,1.314815300000000065e+01,8.756816000000000599e+00,1.931046999999999958e+00,5.295827000000000062e+00,9.544724000000000430e+00,8.470361999999999725e+00,-2.044474000000000125e+00,1.478270599999999924e+01,-9.574412999999999840e+00,-1.791505899999999940e+01,1.051363000000000048e+00,5.294090999999999880e+00,-5.293319999999999581e+00,4.880175000000000374e+00,-9.039199999999999235e+00,-7.467177000000000398e+00,-9.136687999999999477e+00,-3.029644999999999921e+00,-9.139727999999999852e+00,-8.250372000000000483e+00,-1.320871999999999957e+01,-2.935922599999999960e+01,-4.513804999999999623e+00,2.684673000000000087e+00,-6.351537000000000432e+00,-4.744716999999999629e+00,3.507919999999999927e+00,1.409723900000000008e+01,1.333865999999999996e+00,1.817465699999999984e+01,-2.792321600000000004e+01,-1.534196000000000026e+01,-1.249649999999999928e+01,-1.288886300000000062e+01,-1.143113199999999985e+01,-1.685231200000000129e+01,-5.539278999999999620e+00,-1.151861800000000002e+01,-7.950205000000000410e+00,-9.017899999999999139e+00,-8.338487999999999900e+00,-1.299800999999999984e+00,-1.274625799999999920e+01,-2.751985300000000123e+01,-2.081827900000000042e+01,-1.615542699999999954e+01,-1.112315800000000010e+01,-4.600337999999999816e+00,6.978467000000000198e+00,-1.263789799999999985e+01,3.680517000000000039e+00,-1.176949600000000018e+01,-1.090101899999999979e+01,-1.058040300000000045e+01,-7.903567999999999927e+00,-5.680273999999999823e+00,-1.776870000000000116e-01,-3.143491699999999867e+01,9.343220999999999776e+00,-2.970498000000000083e+00,8.677587000000000828e+00,-3.118170000000000108e+00,4.826120000000000410e+00,-1.094142500000000062e+01,-1.398146000000000022e+01,-9.729991999999999308e+00,9.302989999999999871e-01,-2.850207899999999839e+01
4.202132999999999896e+00,5.726492000000000360e+00,-1.929150000000000031e-01,-3.673856999999999928e+00,-1.695515999999999934e+01,-5.571210999999999913e+00,4.333900000000000252e-02,6.193738999999999884e+00,-1.594198399999999971e+01,-4.000422000000000367e+00,3.379211999999999883e+00,1.828163299999999936e+01,1.054856000000000016e+00,9.174070999999999643e+00,-1.111490900000000082e+01,-6.326521999999999757e+00,8.339311999999999614e+00,1.049741399999999913e+01,-1.298961000000000032e+00,1.260181999999999913e+00,-1.715558700000000059e+01,-1.589663000000000048e+00,-6.758047000000000359e+00,-8.805668999999999969e+00,-1.618963600000000014e+01,-2.175614399999999904e+01,-4.250560000000000116e+00,-5.714423000000000030e+00,-2.181341000000000196e+00,1.212447000000000052e+01,-3.341000000000000081e-01,-9.973024000000000555e+00,-9.305156999999999456e+00,-9.824491000000000085e+00,-8.926268999999999565e+00,-2.476535499999999956e+01,-5.760049000000000419e+00,-4.653033999999999892e+00,-1.067550199999999982e+01,-1.445011000000000045e+01,-2.178419799999999995e+01,-1.595442800000000005e+01,3.158667200000000008e+01,6.266265899999999789e+01,1.785728299999999891e+01,1.266149300000000011e+01,3.706535999999999831e+01,3.146865800000000135e+01,1.543399100000000068e+01,1.577118899999999968e+01,6.172894000000000325e+00,9.585634999999999906e+00,2.226603199999999916e+01,3.484671900000000022e+01,8.855245000000000033e+00,2.602911800000000042e+01,-4.337595999999999563e+00,-9.471524999999999750e+00,1.015268999999999977e+01,1.498471499999999956e+01,-1.634328999999999921e+00,1.383523399999999981e+01,-4.361639999999999961e-01,-1.817306000000000088e+00,-1.935457699999999903e+01,-5.654007000000000005e+00,-1.126589199999999913e+01,-1.260675400000000046e+01,-1.462332499999999946e+01,-2.610703900000000033e+01,-9.401189999999999714e+00,-8.080889000000000877e+00,-8.538066999999999851e+00,-6.292580000000000062e+00,-5.095951999999999593e+00,5.757093000000000238e+00,3.767917000000000183e+00,1.615434099999999873e+01,-1.784803300000000092e+01,-1.257358900000000013e+01,-9.561500999999999806e+00,-8.463528000000000162e+00,-1.033058800000000055e+01,-1.169269500000000050e+01,-3.663686000000000220e+00,-9.490208000000000865e+00,-5.549047999999999981e+00,-6.803391000000000410e+00,-7.125976999999999784e+00,3.376948000000000061e+00,-1.994504000000000055e+00,-1.872561899999999824e+01,-1.247620500000000021e+01,-1.329128299999999996e+01,-3.428827799999999826e+01,1.684512999999999927e+00,5.312791999999999959e+00,-1.354084899999999969e+01,2.308333999999999975e+01,2.089709000000000039e+00,-6.135629999999999917e+00,-6.606914999999999871e+00,-3.373334999999999972e+00,-3.152728999999999893e+00,1.418747999999999898e+00,-5.466690299999999780e+01,1.379308699999999988e+01,-4.067631999999999692e+00,-9.766092999999999691e+00,-1.500603100000000012e+01,4.803569999999999673e+00,8.368168999999999969e+00,4.224427000000000376e+00,-1.923292599999999908e+01,-2.169399999999999940e-01,-2.857283999999999935e+01
1.084386899999999976e+01,1.867343199999999825e+01,2.981276999999999955e+00,-1.580959999999999921e+00,-1.644379199999999841e+01,-8.154007000000000005e+00,2.918049999999999811e-01,1.009169699999999992e+01,-1.548162600000000033e+01,9.983710000000000084e-01,7.445729000000000042e+00,2.292104700000000150e+01,3.908243000000000134e+00,1.382052700000000023e+01,-7.847929999999999851e+00,-3.331538000000000110e+00,1.863218499999999977e+01,2.185927500000000023e+01,3.010679000000000105e+00,2.234258000000000077e+00,-2.036781099999999967e+01,-1.523286599999999957e+01,-1.001606499999999933e+01,-1.435879000000000083e+01,-1.630778099999999853e+01,-2.619122300000000081e+01,-2.921154000000000028e+00,-7.450150999999999968e+00,2.323729999999999962e-01,1.313886300000000062e+01,-4.906346000000000096e+00,-1.683884000000000114e+01,-8.310335999999999501e+00,-1.736285000000000167e+01,-1.213948000000000071e+01,-2.370619999999999905e+01,2.282220000000000082e-01,2.860571999999999893e+00,-1.225463099999999983e+01,-1.425659699999999930e+01,9.877500000000000169e-01,-1.056409299999999973e+01,4.517937200000000075e+01,8.151512200000000519e+01,2.716252100000000169e+01,2.581640799999999913e+01,4.576810900000000260e+01,4.252757299999999674e+01,2.429873600000000167e+01,2.807613299999999867e+01,1.467673300000000047e+01,1.935062100000000029e+01,3.737067499999999853e+01,6.130545099999999792e+01,2.030938700000000097e+01,3.788261800000000079e+01,8.769470000000000320e-01,1.269419000000000075e+00,2.581070400000000120e+01,3.013147700000000029e+01,4.647669999999999746e+00,2.421291099999999830e+01,6.070628000000000135e+00,6.102605999999999753e+00,-2.538112599999999830e+01,-1.247292000000000067e+00,-7.772308999999999912e+00,-6.971255000000000202e+00,-1.693423299999999898e+01,-1.759495300000000029e+01,-1.235138500000000050e+01,-1.614076400000000078e+01,-9.235639000000000820e+00,-6.992515000000000036e+00,-9.856087000000000486e+00,-9.651958000000000482e+00,4.965499000000000329e+00,9.961543000000000703e+00,-1.257400000000000073e+00,-8.362227999999999994e+00,-4.996719999999999828e+00,-1.487657999999999925e+00,-6.082717999999999847e+00,-3.583931000000000200e+00,-1.206665000000000099e+00,-5.132425999999999711e+00,-3.403300999999999910e+00,-2.872844999999999871e+00,-5.289253000000000426e+00,8.280780000000000030e+00,1.298523299999999914e+01,-3.533386000000000138e+00,-1.834824999999999928e+00,-7.348809000000000147e+00,-6.029705799999999982e+01,5.176427999999999585e+00,4.700644999999999740e+00,-1.779407399999999839e+01,4.407543499999999881e+01,1.376602100000000029e+01,1.757238000000000078e+00,5.355339999999999545e-01,2.275444999999999940e+00,-3.282340000000000257e-01,1.953384999999999927e+00,-7.839761699999999678e+01,1.355524199999999979e+01,-8.528892000000000806e+00,-2.757317700000000116e+01,-2.608536600000000050e+01,-1.949351999999999974e+00,2.596741099999999847e+01,2.717206699999999842e+01,-2.451897599999999855e+01,9.391789999999999861e-01,-5.487094100000000196e+01
1.521008499999999941e+01,3.036959699999999884e+01,6.694087999999999816e+00,2.827281999999999851e+00,-1.300889199999999946e+01,-7.599042999999999992e+00,1.232788999999999913e+00,1.557752799999999915e+01,-1.379634500000000052e+01,8.108969999999999345e+00,1.393165199999999970e+01,2.908458299999999852e+01,6.183105000000000295e+00,1.938218200000000024e+01,-4.524327999999999683e+00,1.109002999999999961e+00,2.557000899999999888e+01,2.631700100000000120e+01,3.622193999999999914e+00,2.608646999999999938e+00,-1.291901599999999917e+01,-1.936963300000000032e+01,-9.525038000000000338e+00,-1.703217199999999920e+01,-1.265808400000000056e+01,-1.914942900000000137e+01,-1.038729000000000013e+00,-7.908717000000000219e+00,4.454875000000000362e+00,1.061440299999999937e+01,-8.415649999999999409e+00,-1.730167199999999994e+01,-5.275589000000000084e+00,-1.817570100000000011e+01,-1.503502199999999966e+01,-1.555188200000000087e+01,7.507216999999999807e+00,1.182881099999999996e+01,-9.377682999999999325e+00,-1.277233200000000046e+01,2.898766200000000026e+01,6.812158000000000158e+00,6.214003000000000299e+01,1.004305920000000043e+02,4.184446400000000210e+01,5.092210899999999896e+01,5.773994299999999669e+01,5.512817499999999882e+01,3.964465599999999768e+01,4.390070599999999956e+01,2.763400299999999987e+01,3.515071100000000115e+01,5.293569000000000102e+01,8.136766400000000488e+01,3.018361200000000011e+01,4.930894399999999678e+01,5.066311999999999927e+00,1.222825399999999973e+01,4.335098800000000097e+01,4.606938699999999898e+01,1.023911700000000025e+01,3.386986499999999722e+01,6.589353000000000016e+00,1.170267600000000030e+01,-2.083063699999999940e+01,1.323598999999999926e+01,1.229683999999999999e+00,1.278814599999999935e+01,-1.930150400000000133e+01,-5.610329000000000121e+00,-1.107332700000000081e+01,-1.779861700000000013e+01,-7.106593000000000160e+00,-3.754973000000000116e+00,-4.206527999999999601e+00,-2.375294600000000145e+01,6.462687999999999988e+00,5.685890999999999806e+00,1.837206300000000070e+01,-3.043829000000000118e+00,1.320443000000000033e+00,7.449196999999999846e+00,5.512820000000000498e-01,6.157612999999999559e+00,3.759247999999999923e+00,3.319151999999999880e+00,-9.673260000000000192e-01,2.915535000000000210e+00,-1.906449000000000060e+00,1.361338800000000049e+01,2.771363399999999899e+01,1.230623600000000017e+01,7.695370999999999739e+00,-8.916119999999999601e-01,-7.985604800000000125e+01,3.969453000000000120e+00,8.310411999999999466e+00,-2.352224999999999966e+01,6.231123999999999796e+01,1.872730500000000120e+01,9.098444999999999894e+00,7.531194000000000166e+00,6.729803000000000424e+00,1.650350999999999901e+00,6.267230000000000301e-01,-9.329004199999999969e+01,9.340234999999999843e+00,-1.625315900000000013e+01,-4.192374099999999970e+01,-3.089621100000000098e+01,-1.101975799999999950e+01,3.731099799999999789e+01,4.766915000000000191e+01,-2.266685500000000175e+01,4.314213999999999771e+00,-9.851543700000000570e+01
1.812873300000000043e+01,3.824775700000000001e+01,9.865273000000000181e+00,8.630458000000000851e+00,-7.050824000000000424e+00,-2.678872999999999838e+00,3.518142000000000102e+00,2.174758699999999934e+01,-1.083361400000000074e+01,1.556869200000000042e+01,2.283165899999999837e+01,3.503182900000000188e+01,9.399601000000000539e+00,2.421204399999999879e+01,1.656622000000000039e+00,6.251000999999999586e+00,2.912436900000000151e+01,2.644579099999999983e+01,1.838815000000000088e+00,5.404207999999999679e+00,2.959166999999999881e+00,-7.294330000000000425e+00,-2.507112999999999925e+00,-1.053776700000000055e+01,-4.472720999999999947e+00,-1.348510000000000097e+00,1.334730999999999890e+00,-3.040343000000000018e+00,1.096101900000000029e+01,8.384634999999999394e+00,-7.409760999999999598e+00,-7.227881000000000000e+00,5.363689999999999847e-01,-8.013939999999999841e+00,-1.419561500000000009e+01,-1.944210999999999911e+00,1.535116200000000042e+01,2.062921000000000049e+01,-1.720379999999999965e-01,-9.664896999999999849e+00,4.759062500000000284e+01,3.257493900000000053e+01,7.794418000000000291e+01,1.152755360000000024e+02,5.697209999999999752e+01,8.008848100000000159e+01,6.976518099999999833e+01,6.597381599999999935e+01,5.605133599999999916e+01,5.813591399999999965e+01,4.147682100000000105e+01,5.292081600000000208e+01,6.522897899999999538e+01,9.013399599999999623e+01,3.658735899999999930e+01,5.751250100000000032e+01,8.780656999999999712e+00,2.204176999999999964e+01,5.589850400000000263e+01,5.710627600000000115e+01,1.287197199999999953e+01,4.001915600000000239e+01,2.077640999999999849e+00,1.258249400000000051e+01,-5.775301999999999936e+00,3.327709000000000117e+01,1.268751800000000074e+01,4.167849900000000218e+01,-1.871331599999999895e+01,9.054320000000000590e+00,-5.827352000000000309e+00,-1.343691600000000008e+01,-1.594661000000000106e+00,4.517783999999999800e+00,1.232928700000000077e+01,-2.907904200000000117e+01,9.753427999999999543e+00,7.891115000000000101e+00,3.718552499999999839e+01,4.308282000000000167e+00,9.624214000000000269e+00,1.737012199999999851e+01,7.532842999999999734e+00,1.567092799999999997e+01,1.163405200000000050e+01,1.519823399999999936e+01,1.909691999999999945e+00,9.215884000000000853e+00,3.209397000000000055e+00,1.870871700000000004e+01,3.753595099999999718e+01,2.354031099999999910e+01,1.379012200000000021e+01,3.950771000000000033e+00,-8.310093999999999426e+01,-1.262153999999999998e+00,1.655355700000000141e+01,-2.629310900000000117e+01,7.372054500000000132e+01,1.728248900000000177e+01,1.237947199999999981e+01,1.089633399999999952e+01,8.408896999999999622e+00,2.044436000000000142e+00,-1.581449000000000105e+00,-9.039875299999999925e+01,4.580091000000000356e+00,-2.282334399999999874e+01,-5.239093299999999687e+01,-2.671225799999999850e+01,-1.428653100000000009e+01,4.162311299999999648e+01,5.908943399999999713e+01,-1.368352600000000052e+01,8.118021000000000598e+00,-1.323803159999999934e+02
2.121308700000000158e+01,4.088143500000000330e+01,1.148907999999999952e+01,1.317934799999999917e+01,-3.703409999999999758e-01,4.309421999999999642e+00,6.662924000000000291e+00,2.564950899999999834e+01,-7.125689999999999635e+00,2.005700999999999823e+01,3.187953299999999857e+01,3.767369099999999804e+01,1.375944400000000023e+01,2.608346900000000090e+01,1.112733199999999911e+01,9.839541000000000537e+00,3.069409999999999883e+01,2.677043199999999956e+01,6.235720000000000152e-01,1.289604100000000031e+01,1.910777200000000065e+01,1.565775200000000034e+01,8.879452999999999818e+00,4.802502999999999744e+00,5.949073000000000278e+00,1.849020000000000152e+01,3.549110999999999905e+00,6.295073999999999614e+00,1.891040800000000033e+01,9.909950999999999510e+00,-1.682874999999999899e+00,1.026887400000000028e+01,8.693535000000000679e+00,1.069588099999999997e+01,-8.658841000000000676e+00,1.180085599999999957e+01,2.155616799999999955e+01,2.620429700000000039e+01,1.224789099999999920e+01,-5.672682000000000002e+00,4.696224999999999739e+01,5.635714300000000065e+01,8.497594700000000500e+01,1.186899700000000024e+02,6.428723200000000304e+01,9.810035000000000593e+01,7.553119399999999928e+01,6.983225899999999342e+01,6.429943900000000667e+01,6.402687400000000650e+01,4.987575100000000106e+01,6.460463799999999424e+01,6.925453400000000670e+01,8.510707499999999470e+01,3.775970699999999880e+01,5.854714899999999744e+01,1.311843299999999957e+01,2.963653199999999899e+01,5.709567100000000295e+01,5.862495799999999946e+01,1.209305999999999948e+01,3.971327900000000000e+01,-2.519629999999999814e+00,9.908872000000000568e+00,1.282565999999999917e+01,4.852772000000000219e+01,2.151090800000000058e+01,6.724708200000000602e+01,-1.191809699999999950e+01,2.388433099999999953e+01,6.473250000000000393e-01,-6.937604000000000326e+00,6.317897000000000318e+00,1.552195000000000036e+01,3.297966399999999965e+01,-2.387624399999999980e+01,1.476589599999999969e+01,1.577662199999999970e+01,5.136751300000000242e+01,1.428934500000000085e+01,1.920983899999999878e+01,2.648454200000000114e+01,1.245596600000000009e+01,2.265447599999999895e+01,2.013028900000000121e+01,2.659842899999999943e+01,4.459997000000000433e+00,1.340256199999999964e+01,8.648116999999999166e+00,2.154151799999999994e+01,3.933269599999999855e+01,2.765020799999999923e+01,1.564418299999999995e+01,6.258041999999999661e+00,-6.675212299999999743e+01,-8.146720999999999435e+00,2.593338299999999919e+01,-2.271340400000000059e+01,7.509357199999999466e+01,1.322823799999999927e+01,1.015978899999999996e+01,9.049782000000000437e+00,7.155800000000000161e+00,1.052313000000000054e+00,-2.482674999999999965e+00,-6.526346599999999398e+01,3.169401999999999830e+00,-2.218755700000000175e+01,-5.859178500000000156e+01,-1.604612399999999894e+01,-6.002669000000000032e+00,4.048424200000000184e+01,5.825186399999999765e+01,-1.147018000000000093e+00,9.873196000000000083e+00,-1.260469180000000051e+02
2.511562699999999992e+01,3.806883299999999792e+01,1.099713200000000057e+01,1.384081699999999948e+01,4.268225000000000158e+00,8.914016000000000162e+00,9.085884999999999323e+00,2.389880199999999988e+01,-4.000379999999999825e+00,1.834937700000000049e+01,3.730000100000000174e+01,3.429994299999999896e+01,1.743363400000000141e+01,2.328096999999999994e+01,2.117696400000000168e+01,9.273609000000000435e+00,3.121967899999999929e+01,2.977213000000000065e+01,2.434594000000000147e+00,2.385868100000000069e+01,2.640769600000000139e+01,3.477178899999999828e+01,1.909166400000000152e+01,2.202002699999999891e+01,1.439267199999999924e+01,2.912066599999999994e+01,4.682693000000000438e+00,1.544826400000000000e+01,2.574526799999999938e+01,1.541771499999999939e+01,5.807951000000000086e+00,2.660944299999999885e+01,1.717830999999999975e+01,2.989850300000000161e+01,-5.258659999999999446e-01,1.962989299999999915e+01,2.331916500000000170e+01,2.581622899999999987e+01,2.150140400000000085e+01,-2.115301000000000098e+00,2.779553999999999903e+01,6.666872399999999743e+01,7.634932799999999986e+01,1.041389130000000023e+02,5.672487799999999680e+01,9.154323999999999728e+01,6.912905200000000150e+01,6.238432399999999944e+01,5.637722200000000328e+01,5.660668700000000086e+01,4.728763500000000164e+01,6.218791699999999878e+01,6.099964099999999689e+01,6.673568400000000622e+01,3.254204500000000166e+01,4.960244800000000254e+01,1.846914800000000056e+01,3.379064000000000334e+01,4.439221700000000226e+01,4.911385299999999887e+01,8.855921999999999628e+00,3.118136700000000161e+01,-1.871567999999999898e+00,7.320399000000000100e+00,2.559891999999999967e+01,4.932406600000000196e+01,2.306897499999999823e+01,7.700811600000000112e+01,1.897040999999999977e+00,3.327794500000000255e+01,4.971191000000000138e+00,-2.804479000000000166e+00,1.417546300000000059e+01,2.453118100000000013e+01,4.757633700000000232e+01,-1.287362599999999979e+01,1.950651099999999971e+01,2.348007199999999983e+01,5.766226900000000199e+01,2.538825200000000137e+01,2.803789300000000040e+01,3.240021899999999988e+01,1.392492799999999953e+01,2.504038200000000103e+01,2.528357600000000005e+01,3.222144800000000231e+01,5.543351999999999613e+00,1.321571100000000065e+01,1.189917999999999942e+01,1.972531499999999838e+01,3.272402400000000000e+01,2.541768199999999922e+01,1.373579400000000028e+01,6.344225999999999921e+00,-3.763250500000000187e+01,-1.382124300000000083e+01,3.074382800000000060e+01,-1.328105099999999972e+01,6.500355999999999312e+01,1.043643299999999918e+01,3.760307000000000066e+00,3.281292000000000098e+00,4.076443000000000261e+00,-1.883269999999999944e-01,-3.333160000000000012e-01,-2.090001699999999829e+01,6.729807000000000095e+00,-1.114749600000000029e+01,-5.748329600000000283e+01,-5.517116999999999827e+00,1.213676500000000047e+01,3.549514099999999672e+01,4.668148500000000212e+01,9.333724000000000132e+00,8.085354000000000596e+00,-6.560505999999999460e+01
2.879834599999999867e+01,3.078556000000000026e+01,8.558712999999999127e+00,1.004499700000000040e+01,4.568513000000000268e+00,7.759406000000000247e+00,9.117414000000000129e+00,1.525466699999999953e+01,-2.954178000000000193e+00,9.557876000000000261e+00,3.614690499999999673e+01,2.434655599999999964e+01,1.775573199999999829e+01,1.569518700000000067e+01,2.786478899999999825e+01,3.548853999999999953e+00,3.011957400000000007e+01,3.372197800000000001e+01,7.470869999999999678e+00,3.354461700000000235e+01,2.077948699999999960e+01,3.596015500000000031e+01,2.337264599999999959e+01,3.265468899999999763e+01,1.739625799999999956e+01,2.460884300000000025e+01,4.337813999999999837e+00,2.019852699999999857e+01,2.815467100000000045e+01,2.119708999999999932e+01,1.133563099999999935e+01,3.353376800000000202e+01,2.301773400000000080e+01,4.088407099999999872e+01,6.815406000000000297e+00,1.872008699999999948e+01,1.913456000000000046e+01,1.923760599999999954e+01,2.242201599999999928e+01,3.272129999999999761e-01,4.525750000000000051e-01,5.799691099999999722e+01,5.063849799999999846e+01,7.106591899999999384e+01,3.342887300000000295e+01,5.844685199999999980e+01,4.905658999999999992e+01,4.347662600000000310e+01,3.109114399999999989e+01,3.584853400000000079e+01,3.284578199999999981e+01,4.282349800000000073e+01,4.015324700000000036e+01,3.860546300000000031e+01,2.136650699999999858e+01,3.142537799999999848e+01,2.393800699999999892e+01,3.334290800000000132e+01,2.106788399999999939e+01,3.112280000000000157e+01,4.442828000000000443e+00,1.529162099999999924e+01,5.867791999999999675e+00,8.109572000000000003e+00,2.703531900000000121e+01,3.357315100000000285e+01,1.597247899999999987e+01,6.674757599999999513e+01,1.955065400000000153e+01,3.082942999999999856e+01,5.419964000000000226e+00,-3.064541000000000182e+00,1.903739600000000110e+01,2.719402600000000092e+01,4.885486999999999824e+01,-3.625796999999999937e+00,2.113884799999999942e+01,2.434799500000000094e+01,5.415339699999999823e+01,3.370354499999999831e+01,3.342225499999999982e+01,3.311573299999999875e+01,1.248138400000000026e+01,2.208391500000000107e+01,2.407592999999999961e+01,2.880384300000000053e+01,4.838225999999999694e+00,8.748234999999999317e+00,1.103704699999999939e+01,1.239168899999999951e+01,2.022031600000000040e+01,1.979333600000000004e+01,9.299429999999999197e+00,5.244852999999999987e+00,-9.394118999999999886e+00,-1.577710599999999985e+01,2.675922200000000117e+01,-2.278268000000000182e+00,4.481743099999999913e+01,1.005586500000000072e+01,-3.640455000000000219e+00,-3.024421999999999944e+00,7.300179999999999447e-01,-2.219550000000000134e-01,4.658259000000000150e+00,3.225027000000000044e+01,1.343281099999999917e+01,7.655033999999999672e+00,-4.345080600000000004e+01,-1.398231000000000002e+00,3.113407899999999984e+01,2.703813099999999991e+01,2.940817399999999893e+01,1.319593099999999986e+01,3.355135999999999896e+00,3.485360800000000125e+01
3.021575899999999848e+01,2.093213799999999836e+01,5.055657000000000068e+00,3.941720000000000113e+00,1.964380000000000015e-01,1.199146999999999963e+00,6.199473000000000233e+00,2.099286999999999903e+00,-4.605744999999999756e+00,-3.727704000000000129e+00,2.844878599999999835e+01,9.935192000000000689e+00,1.339216300000000004e+01,5.088752999999999638e+00,2.903044799999999981e+01,-5.556239999999999846e+00,2.575955700000000093e+01,3.389575700000000325e+01,1.345203099999999985e+01,3.650955299999999681e+01,6.119000999999999912e+00,1.609128300000000067e+01,2.129106300000000118e+01,3.302793499999999938e+01,1.450849999999999973e+01,8.868845999999999563e+00,3.203218999999999816e+00,2.051097599999999943e+01,2.398540200000000056e+01,2.171982099999999960e+01,1.312327499999999958e+01,2.862521800000000027e+01,2.368343300000000085e+01,3.958458199999999749e+01,1.136396700000000060e+01,1.145067899999999916e+01,1.031366300000000003e+01,9.612035999999999802e+00,1.498532900000000012e+01,2.443541000000000185e+00,-2.164210800000000035e+01,3.453892799999999852e+01,1.415765400000000085e+01,2.713139100000000070e+01,1.563511000000000095e+00,1.125902999999999921e+01,1.991404400000000052e+01,1.819864000000000104e+01,-3.735783000000000076e+00,7.363891999999999882e+00,1.171934899999999935e+01,1.151882999999999946e+01,1.131439199999999978e+01,6.830693000000000126e+00,6.888844999999999885e+00,8.885329999999999728e+00,2.775928899999999899e+01,2.799021899999999974e+01,-4.677205999999999975e+00,1.031095400000000062e+01,-5.026410000000000045e-01,-4.120243999999999573e+00,1.750433699999999959e+01,1.257690400000000075e+01,1.899624400000000080e+01,8.911120000000000374e+00,3.285919999999999952e+00,4.363366500000000059e+01,3.474555699999999803e+01,1.415562199999999926e+01,3.015318000000000165e+00,-6.117347999999999786e+00,1.886793099999999868e+01,2.223526499999999828e+01,3.686766599999999983e+01,-1.199219000000000035e+00,1.772892099999999971e+01,1.592514700000000083e+01,4.107679100000000005e+01,3.477841899999999953e+01,3.334779300000000291e+01,2.816746399999999895e+01,1.030239300000000036e+01,1.506427000000000049e+01,1.673232099999999889e+01,1.762476900000000057e+01,3.561169000000000029e+00,3.062285999999999841e+00,6.336363999999999663e+00,1.413931999999999967e+00,6.139274000000000342e+00,1.396048500000000026e+01,3.845079000000000136e+00,4.066394999999999982e+00,5.799939000000000178e+00,-1.239664600000000050e+01,1.441627699999999912e+01,5.209060000000000024e+00,1.894615699999999947e+01,1.024815899999999935e+01,-8.885001000000000815e+00,-6.435376999999999903e+00,-1.747929000000000066e+00,1.801333999999999991e+00,1.013418599999999969e+01,7.994570899999999369e+01,1.925567099999999954e+01,2.657611299999999943e+01,-1.233622000000000085e+01,-4.878150999999999904e+00,4.037947100000000233e+01,1.490586000000000055e+01,1.197452499999999986e+01,9.632604999999999862e+00,-1.957206000000000001e+00,1.384861510000000067e+02
2.769418699999999944e+01,1.069208199999999920e+01,1.591658000000000017e+00,-1.036032000000000064e+00,-6.803956999999999589e+00,-6.695909999999999584e+00,1.297390000000000043e+00,-1.062071800000000010e+01,-8.095971999999999724e+00,-1.648832799999999921e+01,1.731626400000000032e+01,-5.272439999999999571e+00,5.670088999999999935e+00,-5.796498999999999846e+00,2.587771899999999903e+01,-1.417780300000000082e+01,1.699586700000000050e+01,2.628555000000000064e+01,1.702521099999999876e+01,3.014650699999999972e+01,-8.021350999999999232e+00,-1.392692699999999917e+01,1.685655200000000065e+01,2.662750399999999829e+01,8.494799999999999685e+00,-6.638759000000000299e+00,2.754951999999999845e+00,2.066887399999999886e+01,1.380893999999999977e+01,1.331888299999999958e+01,1.223529699999999920e+01,1.649382299999999901e+01,1.843292200000000136e+01,2.840293499999999938e+01,1.385559899999999978e+01,3.615439999999999987e+00,8.065409999999999524e-01,1.996885000000000021e+00,4.616196000000000410e+00,5.982012000000000107e+00,-2.983686399999999850e+01,7.800320000000000142e+00,-2.131660499999999914e+01,-1.477942000000000000e+01,-2.696529400000000010e+01,-2.973555199999999843e+01,-9.579048999999999481e+00,-5.494481000000000392e+00,-3.467390000000000327e+01,-2.006540000000000035e+01,-7.417216999999999949e+00,-2.079927700000000002e+01,-1.751723499999999945e+01,-2.160762300000000025e+01,-6.643392000000000408e+00,-1.110930399999999985e+01,2.828436100000000053e+01,1.895986800000000017e+01,-2.366979399999999956e+01,-7.279206000000000287e+00,-6.266944999999999766e+00,-2.176773999999999987e+01,2.657148300000000063e+01,1.738166800000000123e+01,8.818044999999999689e+00,-1.183731299999999997e+01,-8.926928999999999448e+00,2.144176799999999972e+01,4.111853500000000139e+01,-1.164561499999999938e+01,6.283090000000000064e-01,-8.240857000000000099e+00,1.352982500000000066e+01,1.221050499999999950e+01,1.854537900000000050e+01,-5.055741000000000263e+00,9.475402000000000768e+00,1.859880999999999895e+00,2.121047300000000035e+01,2.653719800000000006e+01,2.750681000000000154e+01,1.903611599999999981e+01,9.705795999999999424e+00,6.821895999999999738e+00,6.852952000000000155e+00,4.082723999999999798e+00,3.869099999999999984e+00,5.405720000000000525e-01,4.379739999999999744e-01,-9.227014000000000493e+00,-5.310980999999999952e+00,9.768846999999999170e+00,-1.174110999999999905e+00,3.502199000000000062e+00,4.960708999999999591e+00,-3.601001999999999814e+00,-8.973780000000000090e-01,6.835630000000000095e+00,-6.351382000000000083e+00,8.313294000000000850e+00,-1.049951500000000060e+01,-5.503073999999999799e+00,-3.058380999999999794e+00,5.470907000000000409e+00,1.290909300000000037e+01,1.097498209999999972e+02,2.070319200000000137e+01,3.721399399999999957e+01,3.295336999999999961e+01,-1.074050800000000017e+01,3.489256100000000060e+01,-1.005719999999999947e-01,-2.442286999999999875e+00,2.022272000000000070e+00,-5.367677999999999727e+00,2.051362699999999961e+02
2.090655299999999883e+01,1.623011999999999899e+00,-1.247460999999999931e+00,-2.733830999999999900e+00,-1.311410399999999932e+01,-1.091157800000000044e+01,-3.838166999999999884e+00,-1.850862300000000005e+01,-1.151453000000000060e+01,-2.404650699999999830e+01,6.727547000000000388e+00,-1.813027599999999850e+01,-2.136747000000000174e+00,-1.474745500000000042e+01,2.177825500000000147e+01,-1.866206299999999985e+01,4.615591000000000221e+00,1.115818699999999986e+01,1.584795199999999937e+01,1.628572300000000084e+01,-1.261822399999999966e+01,-3.584285100000000313e+01,1.507428200000000018e+01,2.068328100000000092e+01,3.361946999999999797e+00,-1.070922999999999981e+01,4.156438999999999773e+00,2.555337400000000159e+01,9.559849999999999737e-01,-2.969765000000000210e+00,1.103879899999999914e+01,4.851048999999999722e+00,8.775135000000000574e+00,1.349326499999999918e+01,1.663987300000000147e+01,-2.771099999999999952e-02,-4.836796999999999791e+00,3.051269999999999816e-01,-1.546612000000000098e+00,1.193964099999999995e+01,-2.426109900000000152e+01,-1.044893899999999931e+01,-4.444234500000000310e+01,-4.330266799999999705e+01,-4.221079399999999993e+01,-4.860038500000000283e+01,-3.108065200000000061e+01,-2.131769600000000153e+01,-5.011809399999999926e+01,-3.873650099999999696e+01,-1.742611600000000038e+01,-4.294068899999999900e+01,-3.854976500000000073e+01,-4.112529899999999827e+01,-1.530877899999999947e+01,-2.315138200000000168e+01,2.483497200000000049e+01,8.828443999999999292e+00,-3.074920699999999840e+01,-1.831540400000000091e+01,-1.358643900000000038e+01,-3.363114699999999857e+01,2.725726900000000086e+01,1.745635100000000151e+01,3.417164000000000090e+00,-1.904880999999999958e+01,-1.509772199999999920e+01,1.092982399999999998e+01,3.566980099999999965e+01,-3.545555399999999935e+01,7.779190000000000271e-01,-6.532287000000000177e+00,4.836021999999999821e+00,1.856951000000000018e+00,2.902420000000000222e+00,-1.022265400000000035e+01,-1.317709000000000019e+00,-1.069566000000000017e+01,-5.267950000000000133e-01,1.128366699999999945e+01,1.742048899999999989e+01,8.421037000000000106e+00,1.143182900000000046e+01,1.948350000000000082e-01,-8.782600000000000406e-01,-5.566442999999999586e+00,7.180550000000000210e+00,3.832686999999999955e+00,-3.280791999999999931e+00,-1.572480000000000011e+01,-1.187136500000000083e+01,7.284219000000000221e+00,-4.629942999999999920e+00,3.620443999999999996e+00,-4.252372000000000263e+00,8.358392999999999518e+00,-1.191235499999999981e+01,4.365990000000000038e+00,-2.534593200000000124e+01,3.297619000000000078e+00,-9.181608000000000658e+00,-1.511319000000000079e+00,-3.550089999999999968e+00,9.186683000000000376e+00,1.090996799999999922e+01,1.156602429999999941e+02,1.695517399999999952e+01,3.519606499999999727e+01,7.982691800000000626e+01,-1.098017300000000063e+01,1.872508600000000101e+01,-1.525401800000000030e+01,-1.391736000000000040e+01,-4.404079000000000299e+00,-6.054129999999999789e+00,2.127779380000000060e+02
1.087408899999999967e+01,-5.961934000000000289e+00,-3.848599000000000103e+00,-1.973130999999999968e+00,-1.609182900000000060e+01,-9.015494000000000341e+00,-7.965098000000000233e+00,-2.065630099999999914e+01,-1.311873899999999971e+01,-2.474067399999999850e+01,-1.326759000000000022e+00,-2.748340800000000073e+01,-7.104330000000000034e+00,-2.111012300000000153e+01,1.927155600000000035e+01,-1.785630000000000095e+01,-8.371308000000000860e+00,-6.110961999999999783e+00,1.001173400000000058e+01,-2.106030000000000124e-01,-5.087855000000000238e+00,-3.606752500000000339e+01,1.762575899999999862e+01,1.972415399999999863e+01,1.661599000000000048e+00,-2.626000000000000001e-01,7.158616000000000312e+00,3.600559200000000004e+01,-1.012555099999999975e+01,-2.132819399999999987e+01,1.066468000000000060e+01,-1.364252000000000020e+00,-2.206409999999999982e+00,-9.291199999999999459e-02,2.099805100000000024e+01,4.873890000000000167e-01,-4.132958000000000354e+00,4.708275999999999684e+00,2.355899999999999939e-01,1.893582100000000068e+01,-1.182807599999999937e+01,-1.501437800000000067e+01,-5.023096199999999811e+01,-5.462668899999999894e+01,-4.194223999999999819e+01,-4.327781000000000233e+01,-4.070561599999999913e+01,-2.820849799999999874e+01,-4.707436400000000276e+01,-4.545540900000000306e+01,-1.692585899999999910e+01,-4.930109099999999955e+01,-4.775304799999999972e+01,-4.932851999999999748e+01,-1.760492299999999943e+01,-2.595083599999999890e+01,1.795936000000000021e+01,4.020409999999999817e-01,-2.767715799999999859e+01,-2.365175299999999936e+01,-2.272738000000000014e+01,-3.910820799999999764e+01,1.799208499999999944e+01,9.385422000000000153e+00,3.898217999999999961e+00,-1.271172499999999950e+01,-1.353760300000000072e+01,1.224969800000000042e+01,2.040750600000000148e+01,-4.649666599999999761e+01,3.765660000000000007e+00,-1.076244999999999896e+00,-4.305425999999999753e+00,-4.751405000000000101e+00,-4.630366999999999678e+00,-1.159579500000000074e+01,-1.138473300000000066e+01,-1.616014900000000054e+01,-1.832492299999999830e+01,-4.862908000000000008e+00,5.711269999999999847e+00,-1.136274999999999924e+00,1.397347700000000081e+01,-3.595544999999999991e+00,-3.801696000000000186e+00,-8.074135000000000062e+00,1.267674399999999935e+01,1.157841299999999940e+01,-3.055426000000000197e+00,-1.678980900000000176e+01,-1.400231699999999968e+01,5.426201999999999970e+00,-5.992024999999999935e+00,3.907931000000000044e+00,-9.562457999999999458e+00,1.867204100000000011e+01,-1.397114099999999937e+01,1.833061000000000051e+00,-3.512863200000000319e+01,-3.009358999999999895e+00,-6.974172000000000260e+00,2.481354000000000060e+00,-3.712369999999999948e+00,1.098101400000000005e+01,4.405533000000000143e+00,9.933811000000000035e+01,9.930552000000000490e+00,2.230992799999999932e+01,1.097487279999999998e+02,-1.203473999999999933e+00,1.896039000000000030e+00,-2.665547899999999970e+01,-2.419598900000000086e+01,-6.191334000000000337e+00,-5.444989999999999775e+00,1.674462179999999876e+02
-6.973409999999999886e-01,-1.273098300000000016e+01,-7.262280999999999764e+00,-1.915145000000000097e+00,-1.522687700000000000e+01,-2.819205000000000183e+00,-1.110783400000000043e+01,-2.007372200000000007e+01,-1.243512100000000054e+01,-2.062354500000000002e+01,-7.965629999999999988e+00,-3.398193200000000047e+01,-8.724792000000000769e+00,-2.553735700000000008e+01,1.781162099999999882e+01,-1.366951500000000053e+01,-1.785643800000000070e+01,-1.768371099999999885e+01,1.958698999999999968e+00,-1.460028499999999951e+01,9.135495999999999839e+00,-1.466247300000000031e+01,2.115152099999999891e+01,2.147018100000000018e+01,3.015709000000000195e+00,1.739246400000000037e+01,9.945842999999999989e+00,4.709084599999999909e+01,-1.614021199999999823e+01,-3.401116799999999785e+01,9.749147999999999925e+00,-3.167434000000000083e+00,-1.124660899999999941e+01,-1.143829299999999982e+01,2.522031099999999881e+01,3.853349999999999831e-01,1.837121000000000004e+00,1.143750999999999962e+01,7.620938999999999908e+00,2.318417600000000078e+01,-2.659230000000000205e-01,-9.227726000000000539e+00,-4.215631199999999978e+01,-5.357906799999999947e+01,-3.242434000000000083e+01,-2.580242499999999950e+01,-4.009270500000000226e+01,-3.023313200000000123e+01,-3.266761999999999944e+01,-4.212639200000000272e+01,-1.073467199999999977e+01,-4.216637500000000216e+01,-4.615172299999999694e+01,-4.735073200000000071e+01,-1.521206500000000084e+01,-2.225139899999999926e+01,9.117705000000000837e+00,-4.657797000000000409e+00,-2.180904100000000057e+01,-2.701779499999999956e+01,-3.266388299999999845e+01,-4.094354599999999778e+01,2.499258000000000202e+00,-5.873229000000000255e+00,4.903691000000000244e+00,-2.201861000000000068e+00,-7.410376000000000296e+00,1.516945300000000074e+01,1.150314999999999976e+00,-4.149470300000000123e+01,7.521277999999999686e+00,5.211992000000000402e+00,-1.111826800000000048e+01,-6.309181999999999846e+00,-4.873780000000000001e+00,-7.950664999999999871e+00,-1.795933300000000088e+01,-1.419682800000000000e+01,-2.729674400000000034e+01,-1.507389099999999971e+01,-4.892532000000000103e+00,-8.291821999999999804e+00,1.457030400000000014e+01,-5.333829999999999849e+00,-2.904335999999999807e+00,-4.911641000000000368e+00,1.731864600000000110e+01,1.881063299999999927e+01,-4.870499999999999829e-02,-1.427003299999999975e+01,-1.411965000000000003e+01,3.061332000000000164e+00,-5.517043000000000141e+00,3.536532999999999927e+00,-3.443106000000000222e+00,2.124987899999999996e+01,-7.906331999999999915e+00,1.969365999999999950e+00,-3.638711200000000190e+01,-7.377787999999999791e+00,-5.804636999999999603e+00,3.638110000000000177e+00,-3.781376999999999988e+00,9.631705000000000183e+00,-4.245712000000000153e+00,6.771591200000000299e+01,2.445187000000000221e+00,4.760970000000000368e+00,1.074843400000000031e+02,1.482055199999999928e+01,-6.914346000000000103e+00,-3.122432799999999986e+01,-3.398103100000000154e+01,-4.064312000000000147e+00,-6.083009999999999806e+00,9.612559199999999748e+01
-1.200450299999999970e+01,-1.918647400000000047e+01,-1.215923500000000068e+01,-5.388098000000000276e+00,-1.207884100000000061e+01,3.057993000000000183e+00,-1.409954800000000041e+01,-2.106430699999999945e+01,-1.037705099999999980e+01,-1.566683100000000017e+01,-1.572639900000000068e+01,-3.844245800000000202e+01,-9.025712999999999653e+00,-2.864138399999999862e+01,1.429065600000000025e+01,-9.430123000000000033e+00,-2.057375599999999949e+01,-1.782619100000000145e+01,-4.960446000000000133e+00,-2.468442599999999842e+01,2.045245099999999994e+01,1.490975199999999923e+01,1.969061400000000006e+01,1.867646099999999976e+01,4.847109999999999808e+00,2.965317200000000142e+01,1.023003300000000060e+01,5.095410700000000048e+01,-1.637274499999999833e+01,-3.544045400000000257e+01,5.684090000000000309e+00,-5.549706999999999724e+00,-1.621224700000000141e+01,-2.264710099999999926e+01,2.531011700000000175e+01,-5.680871999999999922e+00,9.158072000000000656e+00,1.529495000000000005e+01,1.401213199999999937e+01,2.055096599999999896e+01,7.215863999999999834e+00,-9.986410000000000009e-01,-2.912552700000000172e+01,-4.902269299999999674e+01,-2.354150699999999929e+01,-1.305741000000000085e+01,-3.405890899999999988e+01,-3.281602500000000333e+01,-1.913253999999999877e+01,-3.345217300000000193e+01,-6.160139000000000031e+00,-2.915493899999999883e+01,-3.817903100000000194e+01,-3.859442700000000315e+01,-1.172121100000000027e+01,-1.626095899999999972e+01,1.410069999999999935e-01,-6.518108999999999931e+00,-2.103362299999999863e+01,-3.163710599999999928e+01,-4.085200400000000087e+01,-4.274334300000000297e+01,-1.224468899999999927e+01,-2.275397800000000004e+01,-6.164389999999999592e-01,6.010879999999999557e-01,-2.493396000000000168e+00,7.325916999999999568e+00,-1.571756599999999970e+01,-2.729385800000000017e+01,9.243605999999999767e+00,8.846571000000000851e+00,-1.391395400000000038e+01,-4.382619000000000042e+00,-3.054775999999999936e+00,-2.612505000000000077e+00,-1.973190800000000067e+01,-9.276386999999999716e+00,-2.531708000000000069e+01,-1.567535900000000026e+01,-1.227229799999999926e+01,-1.291424899999999987e+01,1.126876399999999911e+01,-6.579680999999999891e+00,-1.719179999999999930e+00,-6.314750000000000085e-01,1.766753200000000135e+01,2.009330500000000086e+01,2.456338999999999828e+00,-1.150633099999999942e+01,-1.473625700000000016e+01,-1.910310000000000064e-01,-4.163647000000000098e+00,1.804645999999999972e+00,1.095923200000000008e+01,1.165536799999999928e+01,6.822679999999999856e-01,3.773264999999999869e+00,-3.218643000000000143e+01,-7.603832999999999842e+00,-6.356634999999999813e+00,1.085992000000000068e+00,-3.704477999999999938e+00,5.393303999999999654e+00,-1.201951599999999942e+01,2.906365399999999966e+01,-3.888885000000000147e+00,-1.090097300000000047e+01,7.063578099999999438e+01,2.631268700000000038e+01,-6.472959000000000351e+00,-2.847446499999999858e+01,-4.129855100000000334e+01,-2.306740000000000013e+00,-9.513676000000000244e+00,2.865004100000000165e+01
-2.124184500000000142e+01,-2.445350699999999833e+01,-1.772959300000000127e+01,-1.215981999999999985e+01,-8.783421000000000589e+00,4.640024000000000370e+00,-1.726085799999999892e+01,-2.540004300000000015e+01,-8.277221000000000828e+00,-1.276637099999999947e+01,-2.533223500000000072e+01,-4.017216599999999715e+01,-1.055618300000000076e+01,-2.969158600000000092e+01,6.104186000000000334e+00,-7.265590000000000437e+00,-1.580084399999999967e+01,-6.543910000000000338e+00,-8.310081000000000273e+00,-3.083591799999999949e+01,2.169843300000000141e+01,3.495059499999999986e+01,9.612227999999999994e+00,5.749645000000000117e+00,4.646227999999999803e+00,2.753758600000000101e+01,6.918407000000000195e+00,4.241589199999999948e+01,-1.246592899999999915e+01,-2.509580700000000064e+01,-2.539759999999999796e+00,-1.205226799999999976e+01,-1.669662399999999991e+01,-3.478455100000000044e+01,1.812077000000000027e+01,-1.835804299999999856e+01,1.356637100000000018e+01,1.320778100000000066e+01,1.358646700000000074e+01,9.577918999999999627e+00,1.284319600000000072e+01,3.613392999999999855e+00,-1.948175799999999924e+01,-4.698671399999999920e+01,-2.163611799999999974e+01,-1.468022599999999933e+01,-2.684406099999999995e+01,-3.810488399999999842e+01,-1.554792800000000064e+01,-2.361953499999999906e+01,-7.716820000000000235e+00,-1.780734899999999854e+01,-2.842052800000000090e+01,-2.675398399999999910e+01,-1.009516900000000028e+01,-1.063808900000000079e+01,-7.229974000000000345e+00,-6.696589000000000347e+00,-2.814305200000000085e+01,-3.715124099999999885e+01,-4.386284599999999756e+01,-4.571005199999999746e+01,-1.981807699999999883e+01,-3.369984500000000338e+01,-1.477890000000000015e+01,-9.916740000000000776e+00,-3.129804000000000030e+00,-1.533315100000000086e+01,-2.644144000000000005e+01,-1.647806800000000038e+01,7.574671999999999628e+00,8.362553000000000125e+00,-1.241989799999999988e+01,-1.733117999999999936e+00,-4.192702999999999847e+00,-4.087709999999999955e-01,-1.698185799999999901e+01,-6.650883999999999574e+00,-1.419536699999999918e+01,-8.339631999999999934e+00,-1.523533699999999946e+01,-1.525125099999999989e+01,4.580851000000000006e+00,-7.786756999999999707e+00,-3.318143000000000065e+00,8.372239999999999682e-01,1.236921000000000070e+01,1.335011899999999940e+01,1.502086000000000032e+00,-1.063136000000000081e+01,-1.667807799999999929e+01,-3.833273999999999848e+00,-3.142379000000000033e+00,-1.387408999999999892e+00,2.183283099999999877e+01,-9.580472000000000321e+00,5.239766000000000368e+00,3.222903000000000073e+00,-2.567178399999999883e+01,-4.168004999999999960e+00,-7.884336000000000233e+00,-3.661897999999999875e+00,-3.376224999999999810e+00,-1.113449999999999995e-01,-1.675046100000000138e+01,-9.741543000000000063e+00,-9.298448000000000491e+00,-2.117860599999999849e+01,1.307208299999999923e+01,2.236711700000000036e+01,-3.388275999999999843e+00,-2.078634699999999924e+01,-4.235637400000000241e+01,-5.412881999999999749e+00,-1.474791600000000003e+01,-1.847663400000000067e+01
-2.648289499999999919e+01,-2.613815299999999908e+01,-2.146190999999999960e+01,-1.838335599999999914e+01,-6.285127000000000130e+00,1.478831999999999924e+00,-1.938525999999999883e+01,-3.028050800000000109e+01,-6.622170999999999808e+00,-1.174081900000000012e+01,-3.369051300000000282e+01,-3.681281400000000303e+01,-1.382741500000000023e+01,-2.660548899999999861e+01,-5.691677000000000319e+00,-6.530775000000000219e+00,-5.905206999999999873e+00,1.003975900000000010e+01,-7.656032999999999866e+00,-3.405601300000000009e+01,1.288817500000000038e+01,3.507143899999999803e+01,-6.692544999999999966e+00,-1.513079800000000041e+01,2.005104000000000219e+00,1.207503099999999918e+01,1.137726999999999933e+00,2.322433099999999939e+01,-6.944258999999999737e+00,-7.573731000000000435e+00,-1.231459399999999960e+01,-2.049934199999999862e+01,-1.376380499999999962e+01,-4.463907900000000240e+01,4.620461999999999847e+00,-3.147359700000000160e+01,1.301374999999999993e+01,6.316843000000000430e+00,5.774161999999999573e+00,-6.633029999999999760e+00,2.052891199999999827e+01,4.162804000000000393e+00,-1.617191199999999895e+01,-4.663433200000000056e+01,-2.517255400000000165e+01,-2.672716300000000089e+01,-1.976524099999999962e+01,-4.308004900000000248e+01,-2.194846300000000028e+01,-1.432598800000000061e+01,-1.401580799999999982e+01,-1.116391899999999993e+01,-1.908672500000000127e+01,-1.439431599999999989e+01,-1.065205599999999997e+01,-5.306227999999999945e+00,-1.166334799999999916e+01,-6.790830999999999840e+00,-3.847992500000000149e+01,-3.929128699999999697e+01,-3.876815799999999967e+01,-4.703093499999999949e+01,-1.766181999999999874e+01,-3.323246100000000069e+01,-3.152546999999999855e+01,-2.868306199999999961e+01,-9.129910999999999888e+00,-4.377154999999999774e+01,-3.109618100000000140e+01,-1.864786700000000152e+01,3.655562000000000200e+00,5.285946000000000033e+00,-7.538886999999999894e+00,-2.548030000000000017e-01,-9.238113999999999493e+00,-3.414022999999999808e+00,-1.111710399999999943e+01,-8.022724000000000188e+00,4.963759999999999839e-01,8.629029999999999756e-01,-1.365829800000000027e+01,-1.512077000000000027e+01,-2.547651000000000110e+00,-7.441957999999999629e+00,-7.694533999999999985e+00,-8.595679999999999987e-01,3.478495999999999810e+00,1.622284999999999977e+00,-3.228359999999999896e+00,-1.090769899999999915e+01,-1.855726100000000045e+01,-6.938405000000000378e+00,-3.269976000000000216e+00,-5.285301999999999722e+00,1.743548099999999934e+01,-3.548986299999999972e+01,2.506600000000000161e+00,-3.298843999999999888e+00,-1.836504400000000103e+01,1.623809999999999976e-01,-8.905314000000000618e+00,-7.778965999999999603e+00,-2.859706000000000081e+00,-4.780649000000000370e+00,-1.778896999999999906e+01,-4.346147799999999961e+01,-1.464320700000000031e+01,-2.619030000000000058e+01,-4.086317799999999778e+01,2.658420000000000227e-01,-6.619521999999999906e+00,-1.201209000000000060e+01,-3.438810399999999845e+01,-1.433195000000000086e+01,-1.853995899999999963e+01,-4.606179699999999855e+01
-2.597209300000000098e+01,-2.174874200000000002e+01,-2.028877200000000158e+01,-1.894026900000000069e+01,-3.668063000000000073e+00,-3.156413000000000135e+00,-1.808715199999999967e+01,-2.991462800000000044e+01,-4.558006999999999920e+00,-9.794185000000000585e+00,-3.518474100000000249e+01,-2.613233400000000017e+01,-1.636432599999999837e+01,-1.754072000000000031e+01,-1.590826799999999963e+01,-4.538744999999999585e+00,4.590991999999999962e+00,2.290227300000000099e+01,-4.376218999999999859e+00,-3.408931900000000326e+01,8.377219999999999667e-01,1.815326400000000007e+01,-2.137502699999999933e+01,-3.368073199999999900e+01,-1.102694000000000063e+00,-6.411134999999999806e+00,-4.237327999999999761e+00,1.689619999999999900e+00,-1.682998999999999912e+00,1.003624300000000069e+01,-1.821299399999999835e+01,-2.372930699999999860e+01,-9.186942000000000164e+00,-4.556712000000000273e+01,-9.458773000000000764e+00,-3.528046100000000251e+01,8.622690000000000410e+00,-9.179110000000000325e-01,-4.210612000000000243e+00,-2.127984999999999971e+01,3.080837000000000003e+01,4.162697999999999787e+00,-1.620798599999999823e+01,-4.199633599999999944e+01,-2.637791199999999847e+01,-3.546476700000000193e+01,-1.176817400000000013e+01,-4.200196600000000302e+01,-2.987696299999999994e+01,-5.248300000000000409e+00,-1.902899800000000141e+01,-7.211513000000000062e+00,-9.834395999999999916e+00,-2.821359999999999868e+00,-1.107060700000000075e+01,1.187454000000000010e+00,-1.250861800000000024e+01,-7.343552999999999997e+00,-4.271928700000000134e+01,-3.290919399999999939e+01,-2.476116700000000037e+01,-4.138399499999999875e+01,-8.081877999999999673e+00,-2.111230899999999977e+01,-3.971015200000000078e+01,-4.310259500000000088e+01,-1.583501099999999973e+01,-6.083629599999999726e+01,-3.230816399999999788e+01,-3.345588200000000256e+01,2.698949999999999960e-01,2.816463999999999857e+00,-8.438729999999999842e-01,2.612599999999999992e-02,-1.462073999999999963e+01,-8.892355000000000231e+00,-4.058555000000000135e+00,-1.034457800000000027e+01,1.129277800000000020e+01,5.054879999999999818e+00,-8.620998000000000161e+00,-1.193192900000000023e+01,-6.572396000000000349e+00,-3.212279000000000106e+00,-1.158114400000000010e+01,-2.524551000000000212e+00,-4.518680999999999948e+00,-8.672817999999999472e+00,-8.980878999999999834e+00,-9.461664000000000740e+00,-1.788686799999999977e+01,-8.754782999999999760e+00,-4.505565999999999960e+00,-8.493532999999999333e+00,-4.638044999999999973e+00,-5.473703299999999672e+01,-5.672574000000000005e+00,-1.547778300000000051e+01,-1.020133399999999924e+01,2.398803000000000019e+00,-8.199358000000000146e+00,-8.923633000000000592e+00,-2.376174999999999926e+00,-7.160751000000000310e+00,-1.562984200000000001e+01,-6.734008799999999439e+01,-1.962688599999999894e+01,-2.761949299999999852e+01,-6.868835300000000643e+01,-3.071723700000000079e+01,-2.033726199999999906e+01,-5.414800999999999753e+00,-1.836524100000000104e+01,-2.507302800000000076e+01,-1.746558200000000127e+01,-6.351680100000000095e+01
-1.906775700000000029e+01,-1.091642799999999980e+01,-1.262362800000000007e+01,-1.120318699999999978e+01,8.747089999999999588e-01,-4.874784000000000006e+00,-1.152527000000000079e+01,-1.987137200000000092e+01,-6.480000000000000204e-01,-4.078056000000000125e+00,-2.577572299999999927e+01,-8.578597000000000250e+00,-1.435259699999999938e+01,-3.048026999999999820e+00,-1.827257300000000129e+01,9.444609999999999950e-01,1.103438200000000080e+01,2.509629400000000032e+01,-5.167399999999999771e-01,-2.943267200000000017e+01,-5.958918999999999855e+00,-3.000035000000000007e+00,-2.591695199999999843e+01,-3.798127800000000320e+01,-1.954646000000000106e+00,-1.562849899999999970e+01,-6.350407999999999831e+00,-1.228617700000000035e+01,2.656899999999999817e+00,2.175462100000000021e+01,-1.545734200000000058e+01,-1.520040599999999920e+01,-4.675620999999999583e+00,-3.236911599999999822e+01,-1.660074600000000089e+01,-2.327286700000000152e+01,3.530673999999999868e+00,-3.966607000000000216e+00,-9.231730000000000658e+00,-2.731369300000000067e+01,3.879973900000000242e+01,5.892808999999999742e+00,-1.434220400000000062e+01,-2.797296199999999899e+01,-1.767784699999999987e+01,-2.828469099999999870e+01,-1.978086999999999929e+00,-3.140507200000000054e+01,-2.893803199999999975e+01,3.917713000000000001e+00,-1.677281599999999884e+01,-2.102838000000000207e+00,3.174540000000000139e-01,7.073737000000000386e+00,-8.448156000000000887e+00,9.144323999999999231e+00,-1.004383499999999962e+01,-7.630493000000000414e+00,-3.318877299999999764e+01,-1.642761000000000138e+01,-4.215760000000000396e+00,-2.484336100000000158e+01,3.400710000000000122e+00,-2.678351000000000148e+00,-3.077079799999999921e+01,-4.168630600000000186e+01,-1.739784799999999976e+01,-5.303399699999999939e+01,-3.270345700000000022e+01,-5.053290700000000157e+01,-2.652610000000000245e-01,3.306059999999999999e+00,5.919982000000000077e+00,4.143919999999999826e-01,-1.519321799999999989e+01,-1.109789499999999940e+01,2.271355999999999931e+00,-8.644297999999999149e+00,1.203210699999999989e+01,6.204260000000000330e-01,-2.348402999999999796e+00,-5.552410000000000068e+00,-5.761652999999999913e+00,5.579571999999999754e+00,-1.092379500000000014e+01,-3.435329999999999773e-01,-7.498045000000000293e+00,-1.191651300000000013e+01,-1.178295499999999940e+01,-3.912967999999999780e+00,-1.309115399999999951e+01,-9.068023999999999418e+00,-5.998497000000000412e+00,-9.658882000000000190e+00,-3.445287400000000133e+01,-5.690758100000000042e+01,-1.404127899999999940e+01,-2.825641999999999854e+01,-1.020529999999999937e+00,1.431243000000000043e+00,-5.485373000000000054e+00,-6.605014999999999858e+00,-2.091251999999999889e+00,-7.128409999999999691e+00,-1.115372100000000088e+01,-7.686362699999999393e+01,-2.221966799999999864e+01,-2.624920200000000037e+01,-6.156244999999999834e+01,-5.342302999999999713e+01,-4.047284700000000157e+01,-2.273757999999999946e+00,5.814240000000000519e-01,-3.088756899999999916e+01,-1.045355699999999999e+01,-7.634056400000000053e+01
-7.282885000000000275e+00,3.255421999999999816e+00,6.179999999999999513e-04,2.500071999999999850e+00,8.159043000000000490e+00,-1.559890999999999917e+00,-3.188219999999999943e-01,-1.101739999999999942e+00,5.658063000000000287e+00,5.592991999999999742e+00,-6.973503000000000007e+00,1.144224900000000034e+01,-5.803139999999999965e+00,1.295449299999999937e+01,-1.004381399999999935e+01,9.402357000000000298e+00,1.082477100000000014e+01,1.558942799999999984e+01,2.437406000000000184e+00,-1.927402000000000015e+01,-3.478616000000000152e+00,-1.534065599999999918e+01,-1.695466300000000004e+01,-2.335816600000000065e+01,6.492069999999999785e-01,-1.002530299999999919e+01,-4.251549999999999940e+00,-1.344134500000000010e+01,6.139521000000000228e+00,2.521806300000000078e+01,-3.691491000000000078e+00,4.762953999999999688e+00,-1.402214999999999989e+00,-6.602911999999999892e+00,-1.239955900000000000e+01,2.218580999999999914e+00,5.999529999999999585e-01,-1.480499999999999927e+00,-5.611424999999999663e+00,-2.149915299999999974e+01,3.716485800000000239e+01,6.660383999999999638e+00,-7.858787000000000411e+00,-5.799284000000000106e+00,1.805779999999999941e+00,-3.653782999999999781e+00,8.195411000000000001e+00,-1.370871200000000023e+01,-1.467257700000000042e+01,1.186836100000000016e+01,-5.985827999999999705e+00,5.698226000000000013e+00,1.081688499999999920e+01,1.404529100000000064e+01,-1.874895999999999896e+00,1.633720599999999834e+01,-5.529367999999999839e+00,-6.443933000000000355e+00,-9.585048999999999708e+00,5.600694999999999979e+00,1.754517699999999891e+01,1.396331999999999907e+00,1.120036699999999996e+01,1.391188999999999965e+01,-5.617433000000000121e+00,-2.216299100000000166e+01,-1.104664099999999927e+01,-2.095122900000000143e+01,-3.299353700000000345e+01,-5.656027499999999719e+01,2.149013000000000062e+00,6.493488000000000149e+00,1.123570600000000042e+01,2.160902999999999796e+00,-8.154018999999999906e+00,-5.589514000000000316e+00,6.368813000000000279e+00,-5.521930000000000449e-01,1.115987999999999980e+00,-1.069419700000000084e+01,2.401050000000000129e+00,2.797051000000000176e+00,-1.459850000000000092e+00,1.616713599999999929e+01,-4.194873000000000296e+00,6.579817000000000249e+00,-4.427226000000000106e+00,-7.012595000000000134e+00,-9.275605999999999796e+00,5.149301999999999602e+00,-4.984517999999999560e+00,-8.176256999999999664e+00,-6.659739000000000075e+00,-8.284236999999999185e+00,-5.545050700000000177e+01,-3.840397300000000058e+01,-1.768811099999999925e+01,-3.459274700000000280e+01,7.972387000000000334e+00,-1.401413999999999938e+00,-1.479672000000000098e+00,-2.324183000000000110e+00,-1.921470000000000011e+00,-5.748906999999999989e+00,-5.265715000000000146e+00,-6.973143299999999556e+01,-2.004822599999999966e+01,-2.133009399999999900e+01,-2.847197800000000001e+01,-5.295331300000000141e+01,-5.733200999999999681e+01,-1.838915000000000077e+00,1.557893200000000000e+01,-2.672190900000000013e+01,1.919900000000000079e-02,-8.058535899999999685e+01
5.577018999999999949e+00,1.508150700000000022e+01,1.297903900000000021e+01,1.569652800000000070e+01,1.668740199999999874e+01,4.969235000000000291e+00,1.190288400000000024e+01,1.948929000000000045e+01,1.302498499999999915e+01,1.595778900000000000e+01,1.359603500000000054e+01,2.693392199999999903e+01,7.186351000000000155e+00,2.451709800000000072e+01,5.214099000000000039e+00,1.734433399999999992e+01,4.705097999999999558e+00,-2.365669999999999995e-01,4.100264000000000131e+00,-5.540119999999999933e+00,5.031573999999999991e+00,-1.436746800000000057e+01,9.615780000000000438e-01,3.022552999999999823e+00,5.197002999999999595e+00,5.289028000000000063e+00,4.146250000000000213e-01,-4.385746000000000144e+00,8.783751999999999782e+00,2.192771899999999974e+01,1.185045599999999943e+01,2.726385900000000007e+01,1.548619999999999997e-01,2.214510200000000140e+01,1.022300999999999904e+00,3.002564100000000025e+01,6.652179999999999760e-01,3.811859000000000108e+00,4.008562999999999654e+00,-6.509374000000000215e+00,2.207213399999999837e+01,3.974590000000000067e-01,1.217162000000000077e+00,1.645230499999999907e+01,2.454971799999999860e+01,2.710327099999999945e+01,1.535364200000000068e+01,3.604617999999999878e+00,7.841091999999999729e+00,1.604488800000000026e+01,8.593731999999999260e+00,1.368489899999999970e+01,1.908573099999999911e+01,1.667159699999999845e+01,6.460906999999999734e+00,1.912389100000000042e+01,-8.546810000000000240e-01,-3.219129000000000129e+00,1.982854499999999831e+01,2.410438399999999959e+01,3.398140699999999725e+01,3.019495300000000171e+01,1.248001000000000005e+01,2.198388800000000032e+01,2.441615399999999880e+01,6.531964000000000325e+00,6.666320000000000023e-01,1.931957500000000039e+01,-3.190356999999999843e+01,-4.451971699999999998e+01,5.336267999999999567e+00,9.815025999999999584e+00,1.414446399999999926e+01,5.399714000000000347e+00,4.902643999999999558e+00,7.226856999999999864e+00,7.551391999999999882e+00,1.115398500000000048e+01,-1.693674100000000138e+01,-2.283033199999999852e+01,3.558749999999999858e+00,1.058336399999999955e+01,2.755275999999999836e+00,2.305905299999999869e+01,5.965529000000000082e+00,1.488970600000000033e+01,1.914678000000000102e+00,1.970663999999999971e+00,-2.464021999999999935e+00,1.389154899999999948e+01,3.406843999999999983e+00,-6.604843999999999937e+00,-5.894555000000000433e+00,-5.141337000000000046e+00,-5.511523300000000347e+01,-5.393119999999999692e+00,-1.509975500000000004e+01,-2.997468900000000147e+01,1.423667900000000053e+01,-3.580051000000000094e+00,2.546187000000000200e+00,1.476015999999999995e+00,-1.566278000000000059e+00,-4.459080000000000155e+00,8.636850000000000360e-01,-4.882707200000000114e+01,-1.273590800000000023e+01,-1.221069400000000016e+01,9.575480999999999909e+00,-2.654334199999999910e+01,-6.202708299999999753e+01,-2.307177999999999951e+00,2.173951299999999875e+01,-1.292008399999999924e+01,9.046518000000000725e+00,-6.841020000000000323e+01
1.475434100000000015e+01,1.929604900000000001e+01,2.069284499999999838e+01,2.155107399999999984e+01,2.300678399999999968e+01,1.022501800000000038e+01,2.004081700000000055e+01,3.269205999999999790e+01,1.860837599999999981e+01,2.212444500000000147e+01,2.604842199999999863e+01,3.186924499999999938e+01,1.899853200000000086e+01,2.682482999999999862e+01,1.902574999999999861e+01,2.046561399999999864e+01,-3.543528999999999929e+00,-1.366893100000000061e+01,4.852246000000000059e+00,7.068685999999999581e+00,1.151495199999999919e+01,-5.942688999999999666e+00,1.773278099999999924e+01,2.575641800000000003e+01,8.258480999999999739e+00,1.811738100000000173e+01,4.430161000000000016e+00,6.303048999999999680e+00,1.036228700000000025e+01,1.555193500000000029e+01,2.298706900000000175e+01,3.967563799999999929e+01,1.849190000000000000e-01,4.082452299999999923e+01,1.571727100000000021e+01,4.633229500000000201e+01,2.440075000000000216e+00,7.179827999999999655e+00,1.246997499999999981e+01,1.036680699999999966e+01,-2.432050999999999963e+00,-1.615487500000000054e+01,8.002131000000000327e+00,2.893875600000000148e+01,3.911504699999999701e+01,4.730077399999999699e+01,1.665380700000000047e+01,1.293182499999999990e+01,2.716548999999999836e+01,1.467484499999999947e+01,1.924423200000000023e+01,1.727130899999999869e+01,2.218903600000000154e+01,1.442452399999999990e+01,1.255494700000000030e+01,1.526726799999999962e+01,2.210955999999999921e+00,1.346168000000000031e+00,4.250927800000000190e+01,3.066039100000000062e+01,3.997308100000000053e+01,5.145710799999999807e+01,8.188083999999999918e+00,1.971019400000000132e+01,4.368424300000000216e+01,2.968896499999999961e+01,1.127689400000000042e+01,4.530171699999999646e+01,-2.766127300000000133e+01,-1.851751199999999997e+01,6.528179999999999872e+00,1.047694000000000081e+01,1.448757100000000086e+01,9.110853999999999786e+00,1.901647600000000082e+01,2.202293699999999887e+01,6.237354999999999983e+00,2.011575099999999949e+01,-3.294778500000000321e+01,-2.886004300000000100e+01,1.017242999999999897e+00,1.517376499999999950e+01,3.478559000000000179e+00,2.129264099999999971e+01,1.410425299999999993e+01,1.899509300000000067e+01,6.802618999999999971e+00,8.677652000000000143e+00,4.896237000000000172e+00,1.758248299999999986e+01,8.664600000000000080e+00,-4.802443000000000239e+00,-3.992519999999999847e+00,-1.924169999999999936e+00,-3.320522199999999913e+01,2.842502199999999846e+01,-8.496019999999999683e+00,-1.550599200000000089e+01,1.558874899999999997e+01,-3.416389999999999816e+00,5.368059999999999832e+00,2.901148000000000060e+00,-7.651109999999999856e-01,-4.136321999999999832e+00,5.485265000000000057e+00,-2.319378299999999982e+01,-3.158484000000000069e+00,-5.337969999999999660e-01,3.161628899999999831e+01,1.353063900000000075e+01,-5.181974499999999750e+01,-1.930263999999999980e+00,1.869283400000000128e+01,4.471937999999999747e+00,1.215632100000000015e+01,-3.909453200000000095e+01
1.684584100000000007e+01,1.435818199999999933e+01,1.954641399999999862e+01,1.714296200000000070e+01,2.365572900000000089e+01,1.025372699999999959e+01,2.037464299999999895e+01,3.256868200000000257e+01,1.968852199999999897e+01,2.073595600000000161e+01,2.424758900000000139e+01,2.478215399999999846e+01,2.377224199999999854e+01,1.923744599999999849e+01,2.295059699999999836e+01,1.664830100000000002e+01,-8.968697999999999837e+00,-1.751784999999999926e+01,5.090264999999999596e+00,1.358834899999999912e+01,8.968199000000000254e+00,-4.729110000000000258e-01,2.372075399999999945e+01,3.096087800000000101e+01,6.723479000000000205e+00,1.761821099999999873e+01,5.052594000000000030e+00,9.679467999999999961e+00,1.090172899999999956e+01,9.627966000000000690e+00,2.350324700000000178e+01,3.402126200000000011e+01,-5.830060000000000242e-01,4.073309400000000124e+01,2.260397999999999996e+01,4.315610600000000119e+01,3.888049999999999784e+00,5.360065999999999775e+00,1.319827199999999934e+01,2.118125200000000063e+01,-2.541362000000000165e+01,-3.787602499999999850e+01,8.987591999999999359e+00,2.693497899999999845e+01,3.770112799999999709e+01,4.606253600000000148e+01,1.244951200000000036e+01,1.199054199999999959e+01,3.311842699999999695e+01,8.719106000000000023e+00,2.035334500000000091e+01,1.375837699999999941e+01,1.931429899999999833e+01,8.662660000000000693e+00,1.336125999999999969e+01,6.136597000000000079e+00,2.807040000000000202e+00,5.589228000000000307e+00,4.870479499999999717e+01,2.286934499999999915e+01,3.412550199999999734e+01,5.730225000000000080e+01,1.996283999999999947e+00,1.062585600000000063e+01,4.155379800000000046e+01,3.586759200000000192e+01,1.456569200000000031e+01,4.196503799999999984e+01,-1.966736099999999965e+01,9.176562999999999803e+00,4.504509999999999792e+00,7.622408000000000072e+00,1.293040500000000037e+01,1.189746000000000059e+01,2.886806199999999833e+01,3.199777299999999869e+01,3.826852999999999838e+00,2.095423399999999958e+01,-3.736771699999999896e+01,-2.471407400000000010e+01,-2.989730999999999916e+00,1.543110800000000005e+01,-2.383359999999999923e-01,1.013533499999999954e+01,1.543002300000000027e+01,1.503732499999999916e+01,6.740693000000000268e+00,8.771038000000000778e+00,8.822960000000000136e+00,1.393774499999999961e+01,9.215028999999999471e+00,-2.999108999999999803e+00,-1.896608999999999989e+00,-2.713679999999999981e-01,-1.806788999999999978e+00,4.847521400000000114e+01,-1.601885999999999921e+00,2.644334000000000184e+00,1.220569399999999938e+01,-1.236234000000000055e+00,6.270573999999999870e+00,1.607575999999999894e+00,4.285760000000000125e-01,-4.642510999999999832e+00,6.606779000000000401e+00,-4.778299999999999770e+00,3.755844000000000182e+00,9.335283999999999693e+00,2.773002100000000070e+01,4.646697900000000203e+01,-3.072199200000000019e+01,4.075730000000000186e-01,1.027586200000000005e+01,1.718508200000000130e+01,8.118778000000000716e+00,-4.981942000000000093e+00
1.165716100000000033e+01,3.711959999999999926e+00,1.014101299999999917e+01,5.299570000000000114e+00,1.742410299999999879e+01,4.405450000000000088e+00,1.287420000000000009e+01,2.015433099999999911e+01,1.545346600000000059e+01,1.224369199999999935e+01,9.852050000000000196e+00,9.947222000000000008e+00,1.918726099999999946e+01,6.053499999999999659e+00,1.384350000000000058e+01,7.566746000000000194e+00,-8.032197999999999283e+00,-9.983193999999999235e+00,4.733430000000000248e+00,1.215853800000000007e+01,-3.502495000000000136e+00,-4.345245000000000246e+00,1.542922399999999961e+01,1.546231399999999923e+01,-5.081499999999999906e-02,1.656870999999999983e+00,1.705271999999999899e+00,1.867204000000000086e+00,1.119336799999999954e+01,6.028934999999999711e+00,1.303760300000000072e+01,1.285512300000000074e+01,-1.146625000000000005e+00,2.323402700000000110e+01,1.715009799999999984e+01,2.333687300000000064e+01,3.815228999999999981e+00,-1.162473000000000090e+00,4.779233999999999760e+00,2.153291000000000111e+01,-3.538853000000000293e+01,-5.191257999999999839e+01,5.085196999999999967e+00,1.427149299999999954e+01,2.138442900000000080e+01,2.513864999999999839e+01,6.619252999999999609e+00,5.502238000000000184e+00,2.339080600000000132e+01,1.880816999999999961e+00,1.193742899999999985e+01,5.014077000000000339e+00,1.293508300000000055e+01,2.466140000000000221e+00,8.983812000000000353e+00,-3.700598999999999972e+00,1.300821999999999923e+00,7.810526000000000302e+00,3.677052400000000176e+01,6.122073000000000320e+00,1.948316499999999962e+01,4.625534700000000043e+01,-2.051820999999999895e+00,1.102052999999999949e+00,1.877088699999999832e+01,2.345281400000000005e+01,8.623670999999999864e+00,1.102451300000000067e+01,-9.049493000000000009e+00,2.652062400000000153e+01,5.461810000000000276e-01,2.896097999999999839e+00,1.063607400000000069e+01,1.278299400000000041e+01,3.144950700000000055e+01,3.327410100000000170e+01,2.025148999999999866e+00,1.331359100000000062e+01,-2.542885199999999912e+01,-1.112340400000000074e+01,-4.990598999999999563e+00,1.244264100000000006e+01,-6.334831000000000323e+00,-5.591848999999999847e+00,8.963945999999999970e+00,3.883105000000000029e+00,1.709953999999999974e+00,2.591095999999999844e+00,7.696547999999999945e+00,4.956119000000000163e+00,6.370179000000000258e+00,-1.263269999999999893e+00,-5.222189999999999888e-01,-7.613609999999999545e-01,2.277718700000000140e+01,4.682993299999999692e+01,3.115728999999999971e+00,1.703512299999999868e+01,7.099018000000000050e+00,1.075212999999999974e+00,5.236291999999999724e+00,-1.202946999999999989e+00,1.594438000000000022e+00,-5.080212000000000394e+00,3.125376999999999850e+00,-1.833515999999999924e+00,4.144849999999999923e+00,1.256993800000000050e+01,2.822302000000000088e+00,5.516590999999999667e+01,-5.678455999999999726e+00,5.130662000000000056e+00,1.764671000000000101e+00,1.976922700000000077e+01,-1.550169999999999881e-01,1.422867899999999963e+01
2.269603000000000037e+00,-6.162881999999999749e+00,-2.875710999999999906e+00,-7.295035999999999632e+00,6.363436000000000092e+00,-4.279579000000000022e+00,1.353723000000000010e+00,2.704082999999999792e+00,7.640769999999999840e+00,7.011810000000000542e-01,-8.576568999999999221e+00,-4.845640999999999643e+00,8.049312000000000467e+00,-5.774585000000000079e+00,-4.154628999999999905e+00,-2.319265000000000132e+00,-6.008369999999999544e-01,4.559351000000000376e+00,3.350535999999999959e+00,5.571882999999999697e+00,-1.994190899999999900e+01,-1.514575400000000016e+01,-2.804876000000000147e+00,-1.114553300000000036e+01,-9.608411999999999509e+00,-2.192485900000000143e+01,-3.792683999999999944e+00,-1.413973700000000022e+01,1.248748900000000006e+01,4.754959999999999631e+00,-2.752158000000000104e+00,-1.192922599999999989e+01,-6.710519999999999818e-01,-8.551079999999999792e-01,2.209254000000000051e+00,-1.496718999999999911e+00,2.433062000000000058e+00,-8.711536999999999864e+00,-8.342753999999999337e+00,1.252101799999999976e+01,-2.794200000000000017e+01,-4.567399699999999996e+01,9.564799999999999969e-01,5.727999999999999758e-01,-6.738629999999999898e-01,-3.170052999999999788e+00,3.940472999999999892e+00,1.548211999999999922e+00,4.608427999999999969e+00,-1.669664000000000037e+00,-8.035809999999999897e-01,-3.420284000000000102e+00,7.466005000000000003e+00,-9.373879999999999990e-01,2.594573000000000018e+00,-9.472158000000000300e+00,-1.130406999999999940e+00,7.136286000000000129e+00,1.347050400000000003e+01,-9.730273999999999646e+00,2.148470000000000102e+00,2.388371199999999916e+01,-1.808081000000000049e+00,-3.599766999999999939e+00,-1.327987800000000007e+01,6.492320000000000313e-01,-2.959277000000000157e+00,-3.047664500000000132e+01,2.122685000000000155e+00,2.928648899999999955e+01,-2.549122000000000110e+00,-9.905519999999999881e-01,8.642939999999999401e+00,1.140700000000000003e+01,2.672923199999999966e+01,2.703371599999999830e+01,1.846886999999999945e+00,2.217673000000000005e+00,-2.919680000000000053e-01,7.033934000000000353e+00,-2.469702999999999982e+00,8.687846000000000402e+00,-1.128318100000000079e+01,-1.797806800000000038e+01,-1.853890999999999956e+00,-9.124689000000000050e+00,-5.084848000000000035e+00,-5.620955999999999619e+00,3.070819000000000187e+00,-4.241641000000000439e+00,3.338103999999999960e+00,3.225569999999999826e-01,-1.375820000000000098e-01,-2.574510000000000076e+00,3.056818900000000028e+01,2.628077199999999891e+01,5.553733000000000253e+00,2.330338400000000121e+01,4.275871000000000421e+00,1.653006999999999893e+00,2.873114999999999863e+00,-3.654204000000000008e+00,2.178965999999999958e+00,-4.521270999999999596e+00,-3.965068000000000037e+00,-1.306900899999999943e+01,-1.945834000000000064e+00,7.413505999999999929e+00,-2.808726400000000112e+01,3.651167900000000088e+01,1.796634799999999998e+01,1.197206599999999987e+01,-3.303333999999999993e+00,1.286384200000000000e+01,-7.291388000000000424e+00,5.666210000000000413e+00
-6.870555000000000412e+00,-9.859954000000000107e+00,-1.333058499999999924e+01,-1.440311600000000070e+01,-5.187647000000000119e+00,-1.120434599999999925e+01,-8.729877000000000109e+00,-1.098305299999999995e+01,-4.598340000000000205e-01,-8.722955999999999932e+00,-2.097068000000000154e+01,-1.266278100000000073e+01,-3.523912999999999851e+00,-1.068103100000000083e+01,-2.224747400000000042e+01,-8.643819999999999837e+00,9.776403999999999428e+00,1.812316500000000019e+01,7.233889999999999487e-01,-4.942860000000000031e-01,-3.148417099999999991e+01,-2.394033299999999898e+01,-2.195391899999999907e+01,-3.309087000000000245e+01,-1.764390099999999961e+01,-4.068270299999999651e+01,-8.517528000000000432e+00,-3.105445800000000034e+01,1.528307399999999916e+01,4.671040999999999777e+00,-1.586561000000000021e+01,-2.689191699999999940e+01,1.021117999999999970e+00,-1.809262299999999968e+01,-1.395166599999999946e+01,-1.862832300000000174e+01,6.069320000000000270e-01,-1.330697800000000086e+01,-1.939887799999999984e+01,-5.275119999999999809e-01,-9.256213999999999942e+00,-1.713435399999999831e+01,1.103798000000000057e+00,-5.760244000000000142e+00,-1.740817799999999949e+01,-2.491307300000000069e+01,6.299337999999999660e+00,5.110094000000000136e+00,-1.260846699999999920e+01,-3.061809999999999810e-01,-1.133742499999999964e+01,-6.277673000000000059e+00,6.171179999999999666e+00,-2.480279999999999985e-01,-1.916493000000000002e+00,-9.631135000000000446e+00,-3.406934000000000129e+00,3.771250000000000213e+00,-1.057041300000000028e+01,-1.670717700000000150e+01,-1.154101700000000008e+01,-4.008079999999999976e-01,1.965746999999999911e+00,-2.273963999999999874e+00,-3.968603300000000189e+01,-2.046821100000000015e+01,-1.352503500000000081e+01,-6.113206100000000021e+01,1.206982099999999924e+01,2.246263799999999833e+01,-2.661433000000000160e+00,-2.489962999999999926e+00,7.255664000000000335e+00,7.680098000000000091e+00,1.642089899999999858e+01,1.799168299999999832e+01,2.909082999999999863e+00,-5.607323000000000057e+00,2.788589899999999844e+01,2.323718300000000170e+01,4.181912999999999769e+00,6.147107000000000099e+00,-1.257929400000000086e+01,-2.097609399999999980e+01,-1.148258799999999979e+01,-1.756877599999999973e+01,-9.721807000000000087e+00,-1.115564799999999934e+01,-1.768385000000000096e+00,-8.854431999999999192e+00,2.815434000000000214e+00,1.490742000000000012e+00,-2.780540000000000234e-01,-4.098873000000000211e+00,2.356085900000000066e+01,-1.445303000000000004e+00,6.801890000000000214e+00,2.209291800000000094e+01,5.673459000000000252e+00,2.453899999999999831e-02,1.445490000000000108e-01,-4.312980999999999732e+00,1.850832999999999950e+00,-2.686795000000000044e+00,-1.139169000000000054e+01,-2.716768499999999875e+01,-1.021956300000000084e+01,-2.783637000000000139e+00,-4.921432699999999727e+01,3.105690000000000062e+00,3.793528100000000336e+01,1.973383099999999857e+01,-4.590467000000000297e+00,2.536773999999999862e+00,-8.721076000000000050e+00,-2.500889600000000002e+01
-1.261398900000000012e+01,-6.600366000000000177e+00,-1.692659099999999839e+01,-1.397438000000000002e+01,-1.295546399999999920e+01,-1.320372200000000085e+01,-1.341388399999999947e+01,-1.589583999999999975e+01,-5.960479000000000305e+00,-1.273422000000000054e+01,-2.200719700000000145e+01,-1.120713399999999993e+01,-1.007291900000000062e+01,-7.692520000000000024e+00,-3.239446000000000225e+01,-9.766401999999999362e+00,1.757068500000000100e+01,2.342055600000000126e+01,-2.697286000000000072e+00,-1.529174999999999951e+00,-3.206931300000000107e+01,-2.244106800000000135e+01,-3.387522299999999831e+01,-3.897061200000000269e+01,-2.029298199999999852e+01,-4.556020999999999788e+01,-1.028916500000000056e+01,-4.202270399999999739e+01,1.812862099999999899e+01,4.400787000000000226e+00,-2.091830399999999912e+01,-2.602925499999999914e+01,3.204013000000000222e+00,-2.089621800000000107e+01,-2.308881099999999975e+01,-2.227242700000000042e+01,-1.371191999999999966e+00,-1.363123399999999918e+01,-2.421283499999999833e+01,-1.146817700000000073e+01,7.275303000000000075e+00,2.054879100000000136e+01,5.842563000000000173e+00,-3.594097000000000097e+00,-2.293810799999999972e+01,-3.341121400000000108e+01,1.068947700000000012e+01,1.366597800000000085e+01,-2.076199000000000083e+01,3.625573999999999852e+00,-1.608642800000000150e+01,-2.598972999999999978e+00,8.567474000000000700e+00,2.804912999999999990e+00,-2.819186999999999887e+00,-7.052635999999999683e+00,-5.296458000000000332e+00,-1.372360000000000024e+00,-2.695607700000000051e+01,-1.369478900000000010e+01,-1.776760700000000170e+01,-1.824635299999999916e+01,6.245664999999999800e+00,2.000386999999999915e+00,-5.053357799999999855e+01,-3.132438399999999845e+01,-1.763125300000000095e+01,-6.811008999999999958e+01,1.985971199999999826e+01,1.496454699999999960e+01,-7.848600000000000021e-02,-2.403596999999999984e+00,5.855227000000000182e+00,1.494566000000000061e+00,2.371684000000000125e+00,1.060881400000000063e+01,3.586138000000000048e+00,-6.670575000000000365e+00,4.678400100000000350e+01,3.209778099999999768e+01,1.139807599999999965e+01,4.755741000000000440e+00,-1.038382599999999911e+01,-1.452679400000000065e+01,-1.582787199999999928e+01,-1.811917299999999997e+01,-1.043438100000000013e+01,-1.223372299999999946e+01,-4.291292999999999580e+00,-7.661596000000000295e+00,4.867887999999999771e+00,1.731910000000000061e+00,-2.569170000000000065e-01,-4.092089999999999783e+00,1.281060599999999994e+01,-2.227497500000000130e+01,7.049776999999999738e+00,1.745941799999999944e+01,9.166202999999999435e+00,-2.768340999999999941e+00,-2.012547000000000086e+00,-2.897994999999999877e+00,7.152629999999999821e-01,-1.409420000000000117e-01,-1.499458899999999950e+01,-2.919091600000000142e+01,-1.476817199999999985e+01,-1.095319600000000015e+01,-5.203325600000000151e+01,-2.469201800000000091e+01,5.277804199999999923e+01,2.605859900000000096e+01,-4.048181999999999725e+00,-3.814375000000000071e+00,-3.507889000000000035e+00,-5.463789200000000079e+01
-1.469692700000000052e+01,-7.075789999999999580e-01,-1.343399800000000077e+01,-8.827704000000000661e+00,-1.495040999999999976e+01,-1.025942099999999968e+01,-1.224302800000000069e+01,-1.317098499999999994e+01,-7.927611999999999881e+00,-1.139310200000000073e+01,-1.393063300000000027e+01,-3.631008000000000013e+00,-1.012258100000000027e+01,-6.680420000000000247e-01,-3.182658400000000043e+01,-7.290016999999999747e+00,1.812601199999999935e+01,1.746449600000000046e+01,-5.883242000000000083e+00,2.428980999999999835e+00,-2.198239200000000082e+01,-9.373355999999999355e+00,-3.553751199999999955e+01,-2.878786399999999901e+01,-1.608301499999999962e+01,-3.597341500000000281e+01,-8.827828999999999482e+00,-4.416182200000000080e+01,1.769257700000000000e+01,2.842991000000000046e+00,-1.800321800000000039e+01,-1.447547899999999998e+01,4.511834999999999596e+00,-1.185537099999999988e+01,-2.214461899999999872e+01,-1.638809099999999930e+01,-4.279288000000000203e+00,-1.180919300000000050e+01,-2.370988699999999838e+01,-1.660574400000000139e+01,9.433958999999999762e+00,4.496133300000000332e+01,1.048551499999999947e+01,4.447160000000000002e-01,-1.957486099999999851e+01,-3.190738899999999845e+01,1.083788599999999924e+01,1.843060200000000037e+01,-1.963021000000000171e+01,5.254723000000000255e+00,-1.606721599999999839e+01,3.306760000000000144e+00,1.039094099999999976e+01,4.286844000000000321e+00,-1.766488000000000058e+00,-6.908521000000000356e+00,-7.420402000000000164e+00,-7.235443000000000069e+00,-3.316615300000000133e+01,-6.601891000000000176e+00,-1.644781199999999899e+01,-2.595491799999999927e+01,7.587723999999999691e+00,4.323551000000000144e+00,-4.530666899999999941e+01,-3.068501399999999890e+01,-1.421587800000000001e+01,-5.351412299999999789e+01,2.494988199999999878e+01,1.221792199999999973e+01,2.602968000000000171e+00,-3.017907000000000117e+00,3.330928999999999807e+00,-7.009536999999999907e+00,-1.394577400000000011e+01,6.063384000000000107e+00,2.077529000000000181e+00,-3.140922999999999909e+00,4.809561599999999970e+01,3.108684999999999832e+01,1.431826299999999996e+01,2.456963000000000008e+00,-7.182666000000000217e+00,-4.823598999999999748e+00,-1.453147700000000064e+01,-1.251500500000000038e+01,-8.723658999999999608e+00,-1.084761800000000065e+01,-4.343621999999999872e+00,-3.702684999999999782e+00,6.706980999999999860e+00,4.204820000000000224e-01,1.437259999999999927e-01,-2.582542000000000115e+00,9.476798999999999751e+00,-2.730661299999999869e+01,4.679502000000000272e+00,1.324909300000000023e+01,9.442686999999999387e+00,-5.244850999999999708e+00,-3.053783000000000136e+00,-2.698710000000000275e-01,-7.631940000000000390e-01,2.079038999999999859e+00,-1.208458899999999936e+01,-1.052386699999999919e+01,-1.194786700000000046e+01,-1.057846600000000059e+01,-3.786803900000000311e+01,-3.130028199999999927e+01,5.886039499999999691e+01,2.780201699999999931e+01,-3.776025000000000187e+00,-2.213054000000000077e+00,5.035961000000000354e+00,-5.743391900000000305e+01
-1.517534799999999962e+01,1.470247000000000082e+00,-6.356157999999999753e+00,-4.017260000000000275e+00,-1.219343600000000016e+01,-4.925569999999999560e+00,-7.917248999999999981e+00,-8.105327000000000837e+00,-7.508409999999999584e+00,-7.290871000000000102e+00,-4.140166999999999931e+00,4.017222000000000293e+00,-6.562847999999999793e+00,4.588478000000000279e+00,-2.379779699999999920e+01,-4.267557000000000045e+00,1.013353599999999943e+01,2.614039000000000001e+00,-7.843552999999999997e+00,6.738213000000000008e+00,-7.032471000000000139e+00,8.708365000000000578e+00,-2.943300999999999945e+01,-1.271304499999999926e+01,-6.534589999999999677e+00,-1.892588999999999899e+01,-5.570158000000000165e+00,-3.891588899999999995e+01,1.059442999999999913e+01,-6.710070000000000201e-01,-1.169014499999999934e+01,-4.204572999999999894e+00,3.689928999999999792e+00,-9.874460000000000459e-01,-1.464907400000000059e+01,-1.057109999999999950e+01,-9.190531999999999258e+00,-1.144544100000000064e+01,-2.223816899999999919e+01,-1.593010800000000060e+01,-5.932859999999999800e+00,3.830802200000000113e+01,8.650812999999999420e+00,-2.537209999999999965e+00,-1.487097600000000064e+01,-2.875827299999999909e+01,1.643188000000000093e+00,1.071232200000000034e+01,-1.480743400000000065e+01,6.781530000000000058e-01,-1.497486600000000045e+01,4.890659000000000312e+00,6.421624000000000443e+00,4.661790000000000100e-01,-2.398054000000000130e+00,-1.265417300000000012e+01,-1.046820899999999988e+01,-1.290640600000000049e+01,-3.188139899999999827e+01,-3.582910000000000039e+00,-1.038699199999999934e+01,-2.489067700000000016e+01,4.127561000000000035e+00,1.435308000000000028e+00,-3.089859200000000072e+01,-2.307907499999999956e+01,-6.602200999999999986e+00,-3.058547400000000138e+01,2.643214299999999994e+01,1.254907599999999945e+01,2.413050000000000139e+00,-5.856035999999999575e+00,-1.068605000000000027e+00,-1.675522600000000040e+01,-3.064040800000000075e+01,2.238396999999999970e+00,-2.239930999999999894e+00,-8.876140000000000141e-01,3.157563599999999937e+01,2.084421199999999885e+01,9.814097000000000293e+00,-3.054378999999999955e+00,-5.807908000000000293e+00,-2.562090000000000201e-01,-1.054052399999999956e+01,-6.020042000000000115e+00,-7.924571000000000254e+00,-1.058575899999999947e+01,-3.753111000000000086e+00,-1.842130000000000045e+00,4.676652999999999949e+00,-2.877320000000000100e+00,3.903800000000000048e-01,-8.425179999999999891e-01,1.655333500000000058e+01,-1.695631399999999900e+01,-2.423042000000000140e+00,1.031647700000000079e+01,1.550267999999999979e+00,-6.735401999999999667e+00,-3.004945999999999895e+00,2.160715999999999859e+00,-2.054447000000000134e+00,3.102038999999999991e+00,-3.273442000000000185e+00,2.411365899999999840e+01,-2.745598000000000205e+00,-4.268700000000000272e-02,-1.495241900000000079e+01,-1.504993400000000037e+01,5.039997000000000327e+01,2.229902600000000135e+01,-4.504864000000000424e+00,5.632436000000000220e+00,1.135128300000000046e+01,-2.390197399999999917e+01
-1.621090399999999931e+01,-3.852596999999999827e+00,-4.030509999999999926e-01,-2.973689999999999944e+00,-7.638188000000000422e+00,-1.891329999999999956e-01,-4.005682000000000187e+00,-5.604478000000000293e+00,-6.679206999999999894e+00,-3.306207999999999814e+00,5.043910000000000338e-01,6.890812999999999633e+00,-3.965850999999999793e+00,4.373548000000000435e+00,-1.447124699999999997e+01,-2.654199000000000197e+00,-3.642313999999999830e+00,-1.518609999999999971e+01,-8.290976000000000568e+00,5.674475000000000158e+00,5.648811000000000249e+00,2.247666399999999953e+01,-2.057967000000000013e+01,-2.914708000000000077e+00,4.703390999999999877e+00,-3.471798000000000162e+00,-2.474886000000000141e+00,-2.975706500000000077e+01,-3.919268000000000196e+00,-6.246931000000000012e+00,-7.210739000000000232e+00,-4.876186999999999827e+00,4.423090000000000077e-01,1.920358000000000009e+00,-7.574893000000000320e+00,-1.230240500000000026e+01,-1.602815100000000115e+01,-1.448027699999999918e+01,-2.326982599999999834e+01,-1.198937899999999956e+01,-3.082886699999999891e+01,2.064529999999999976e-01,-2.611828000000000038e+00,-1.630818299999999965e+01,-1.521836000000000055e+01,-2.960783899999999846e+01,-1.661237500000000011e+01,-1.106995500000000021e+01,-1.227338100000000054e+01,-9.945061000000000817e+00,-1.553436600000000034e+01,-1.710396000000000027e+00,-5.643902999999999892e+00,-9.675155000000000172e+00,-7.333908000000000094e+00,-2.308848300000000009e+01,-1.420801100000000083e+01,-1.755766600000000111e+01,-2.729960399999999865e+01,-8.790763999999999356e+00,-3.120826000000000100e+00,-1.907480299999999929e+01,-3.325254000000000154e+00,-6.077843999999999802e+00,-1.554951699999999981e+01,-1.394991399999999970e+01,3.693239999999999856e-01,-1.333702399999999955e+01,2.304859799999999836e+01,9.998932999999999183e+00,-1.609415999999999958e+00,-9.897456999999999283e+00,-6.994552999999999798e+00,-2.533161700000000138e+01,-4.446732800000000196e+01,-3.504096000000000100e+00,-8.112232999999999805e+00,-4.620785999999999838e+00,4.725299999999999834e+00,4.528165999999999691e+00,-1.265987999999999891e+00,-1.212350799999999929e+01,-7.331398000000000081e+00,-5.656142000000000003e+00,-7.513588999999999629e+00,-3.542698000000000125e+00,-1.035766199999999948e+01,-1.331565699999999985e+01,-4.394414000000000264e+00,-4.985941999999999652e+00,-2.852146999999999988e+00,-8.013109000000000037e+00,-3.820910000000000140e-01,-4.214589999999999725e-01,2.725844999999999985e+01,3.807539999999999814e-01,-1.431783199999999923e+01,6.610074000000000005e+00,-1.517135000000000034e+01,-7.717929999999999957e+00,-2.326635000000000009e+00,3.197384000000000004e+00,-2.843796999999999908e+00,2.699847999999999804e+00,7.572991000000000028e+00,5.784179100000000062e+01,8.058322999999999681e+00,1.601412799999999947e+01,6.943946999999999647e+00,1.168295799999999929e+01,2.367088100000000139e+01,9.047631000000000867e+00,-5.724975999999999843e+00,1.391023000000000032e+01,1.104277699999999918e+01,3.014381900000000059e+01
-1.796033399999999958e+01,-1.499957500000000010e+01,1.496837999999999891e+00,-5.255333000000000254e+00,-4.148292999999999786e+00,2.490263999999999811e+00,-2.461371000000000198e+00,-6.575503999999999571e+00,-6.646099000000000423e+00,-7.123300000000000187e-01,-1.569371999999999989e+00,4.241723999999999606e+00,-4.951489999999999725e+00,-4.674690000000000234e-01,-8.486354999999999649e+00,-2.036427000000000209e+00,-1.778108599999999839e+01,-2.964810599999999852e+01,-7.813341000000000314e+00,-2.968055999999999806e+00,1.200277299999999947e+01,2.664617700000000156e+01,-1.276598199999999927e+01,-4.743286000000000335e+00,1.354338699999999918e+01,5.122764000000000095e+00,-7.722470000000000168e-01,-1.949600399999999922e+01,-2.232420799999999872e+01,-1.314878700000000045e+01,-6.787571999999999939e+00,-1.658071299999999937e+01,-4.176727999999999774e+00,-5.697475999999999985e+00,-6.068894000000000233e+00,-2.134413800000000094e+01,-2.272359600000000057e+01,-1.933304899999999904e+01,-2.608830400000000083e+01,-7.609245999999999732e+00,-5.122642400000000151e+01,-4.994813800000000015e+01,-1.973497800000000169e+01,-3.579685800000000029e+01,-2.089078400000000002e+01,-3.288973500000000172e+01,-3.739422900000000283e+01,-3.891994900000000257e+01,-1.345733500000000049e+01,-2.199599299999999857e+01,-1.714006300000000138e+01,-1.444877900000000004e+01,-2.296714100000000158e+01,-2.346384300000000067e+01,-1.581084599999999973e+01,-3.275896199999999681e+01,-1.712028799999999862e+01,-2.031861400000000017e+01,-2.165288999999999930e+01,-1.919955300000000165e+01,3.079937000000000147e+00,-1.205704099999999990e+01,-1.165935400000000044e+01,-1.418644300000000058e+01,-3.524607000000000046e+00,-5.672183999999999671e+00,3.807725000000000026e+00,-7.392042000000000002e+00,1.433920999999999957e+01,8.797150000000000247e-01,-7.376799000000000106e+00,-1.185719800000000035e+01,-1.288206100000000021e+01,-2.956911399999999901e+01,-5.115547899999999970e+01,-1.120995300000000050e+01,-1.293477299999999985e+01,-1.385067500000000074e+01,-2.146575400000000045e+01,-1.315854900000000072e+01,-1.420004300000000086e+01,-2.214113899999999902e+01,-1.035982199999999942e+01,-1.880054799999999915e+01,-7.110867999999999967e+00,-6.229334999999999845e+00,-1.525760900000000042e+01,-1.741558200000000056e+01,-6.369329999999999714e+00,-1.173427000000000042e+01,-1.375166699999999942e+01,-1.398827900000000035e+01,-2.516326999999999980e+00,-1.924454000000000109e+00,3.098574100000000087e+01,1.392546899999999965e+01,-2.747338600000000142e+01,-1.737120000000000053e-01,-3.560897899999999794e+01,-9.004127000000000436e+00,-1.514550999999999981e+00,2.395042000000000115e+00,-3.106736999999999860e+00,1.330019000000000062e+00,1.542806599999999939e+01,7.107395599999999547e+01,1.527634800000000048e+01,2.939860399999999885e+01,2.075100000000000122e+01,3.098604100000000017e+01,-1.758080199999999849e+01,-9.267924000000000717e+00,-6.910912999999999862e+00,1.686047500000000099e+01,3.644407000000000174e+00,7.218712700000000382e+01
-1.825079699999999860e+01,-2.570409799999999834e+01,-2.842399999999999927e-01,-7.397224999999999717e+00,-2.881930000000000103e+00,3.606269999999999865e+00,-2.668257999999999797e+00,-7.831978999999999580e+00,-7.084051999999999794e+00,1.098686999999999969e+00,-6.193769999999999776e+00,-6.550350000000000339e-01,-8.328920999999999353e+00,-5.315853999999999857e+00,-6.384610000000000340e+00,-5.228819999999999579e-01,-2.694260999999999839e+01,-3.692151499999999942e+01,-7.368259000000000114e+00,-1.564786699999999975e+01,1.268700600000000023e+01,2.331805699999999959e+01,-6.771581000000000294e+00,-1.368393200000000043e+01,1.710975099999999927e+01,7.533324999999999605e+00,-4.784630000000000272e-01,-9.236634999999999707e+00,-3.769868199999999803e+01,-1.960197700000000154e+01,-8.705242999999999398e+00,-2.985117100000000079e+01,-8.157185999999999382e+00,-1.778607999999999834e+01,-9.887399999999999523e+00,-3.028911099999999834e+01,-2.588387900000000030e+01,-2.181378000000000128e+01,-2.620119400000000098e+01,-4.155623000000000289e+00,-5.584092799999999812e+01,-8.376635400000000686e+01,-3.411020700000000261e+01,-4.995428499999999872e+01,-2.613331099999999907e+01,-3.195249600000000001e+01,-5.128766699999999901e+01,-5.945237800000000306e+01,-1.456781400000000026e+01,-2.912679400000000030e+01,-1.661468800000000101e+01,-2.629487299999999905e+01,-3.865830799999999812e+01,-3.575772800000000018e+01,-2.377272699999999972e+01,-3.554463799999999907e+01,-1.708901699999999835e+01,-2.042960400000000121e+01,-1.446773999999999916e+01,-2.679566399999999859e+01,7.856406999999999918e+00,-5.218703999999999787e+00,-1.708602899999999991e+01,-1.806314199999999914e+01,5.883797000000000388e+00,2.747920999999999836e+00,4.333212999999999759e+00,-8.198358000000000700e+00,2.094422999999999924e+00,-1.163673299999999955e+01,-1.091964399999999991e+01,-8.551902000000000115e+00,-1.659465199999999996e+01,-2.706002700000000161e+01,-4.732975100000000168e+01,-1.754839000000000127e+01,-1.424386999999999937e+01,-2.279427300000000045e+01,-3.798938400000000115e+01,-2.701203100000000035e+01,-2.292141799999999918e+01,-2.863593900000000048e+01,-1.215531000000000006e+01,-3.165458200000000133e+01,-8.119334000000000273e+00,-1.089696600000000082e+01,-1.908119900000000158e+01,-1.894945500000000038e+01,-7.802818000000000254e+00,-1.721440399999999826e+01,-2.295523400000000080e+01,-1.904273999999999845e+01,-5.214906000000000041e+00,-4.438563000000000258e+00,2.213059099999999901e+01,1.676910900000000026e+01,-3.591452000000000311e+01,-9.666973000000000482e+00,-5.118950199999999739e+01,-1.056760899999999914e+01,-6.904379999999999962e-01,1.754590000000000038e-01,-2.969517000000000184e+00,-2.129610000000000114e-01,1.700068200000000118e+01,5.364205599999999663e+01,1.672429199999999838e+01,3.336514999999999986e+01,2.354112900000000153e+01,3.073125599999999835e+01,-6.041963299999999748e+01,-2.733779300000000134e+01,-8.371330000000000382e+00,1.258936800000000034e+01,-6.907537999999999734e+00,7.445349000000000217e+01
-1.435033699999999968e+01,-2.919799599999999984e+01,-2.853994000000000142e+00,-5.975876999999999661e+00,-2.991098000000000035e+00,4.498764999999999681e+00,-2.498582999999999998e+00,-5.278780000000000250e+00,-6.657783000000000229e+00,3.395830000000000126e+00,-7.340746000000000215e+00,-3.206515000000000004e+00,-1.031300199999999911e+01,-5.158847999999999878e+00,-5.381764999999999688e+00,3.123301000000000105e+00,-2.838209300000000113e+01,-3.656524499999999733e+01,-7.448813999999999602e+00,-2.501318300000000150e+01,1.131092199999999970e+01,1.949511899999999898e+01,-1.385974000000000039e+00,-1.987847800000000120e+01,1.474140700000000059e+01,8.025323000000000206e+00,-8.073550000000000448e-01,7.254369999999999985e-01,-4.304771900000000073e+01,-2.311344199999999915e+01,-9.467933999999999628e+00,-3.290685400000000271e+01,-9.547527999999999793e+00,-2.458021199999999951e+01,-1.399765099999999940e+01,-3.057714400000000055e+01,-2.272478399999999965e+01,-1.816589300000000051e+01,-1.915404399999999896e+01,-1.298742999999999981e+00,-4.257029699999999650e+01,-8.132708599999999421e+01,-3.737596299999999871e+01,-4.924463999999999686e+01,-2.399930499999999967e+01,-2.167806699999999864e+01,-5.154851899999999887e+01,-6.208013499999999851e+01,-1.042381899999999995e+01,-2.730828299999999942e+01,-1.134462000000000081e+01,-2.979788800000000037e+01,-4.561044400000000110e+01,-4.161907500000000226e+01,-2.642010300000000100e+01,-2.888104500000000030e+01,-1.280518099999999926e+01,-1.769577200000000161e+01,-4.601132999999999917e+00,-2.449360700000000080e+01,1.194674799999999948e+01,1.769379999999999953e+00,-1.713489799999999974e+01,-1.517028299999999952e+01,1.518148300000000006e+01,1.277724399999999960e+01,4.834019999999999762e+00,-6.906774999999999665e+00,-9.315609999999999502e+00,-1.895199699999999865e+01,-9.040924000000000404e+00,3.160979999999999901e-01,-1.646940400000000082e+01,-1.775349100000000035e+01,-3.286439899999999881e+01,-1.810303199999999890e+01,-1.119698099999999918e+01,-2.439238699999999938e+01,-4.132782199999999762e+01,-3.256595399999999785e+01,-2.343301400000000001e+01,-2.783228599999999986e+01,-1.064751099999999973e+01,-3.553905199999999809e+01,-7.850450999999999624e+00,-1.256124100000000077e+01,-1.800760999999999967e+01,-1.482800899999999977e+01,-6.410257999999999790e+00,-1.650793099999999924e+01,-2.546973399999999899e+01,-2.121274999999999977e+01,-6.737587999999999688e+00,-6.063911000000000051e+00,5.092086000000000112e+00,9.172807999999999851e+00,-3.466393500000000216e+01,-1.808933199999999886e+01,-5.473911900000000230e+01,-1.114033599999999957e+01,4.994060000000000166e-01,-2.439430999999999905e+00,-2.519915000000000127e+00,-1.258591000000000015e+00,1.258026100000000014e+01,1.179220800000000047e+01,1.417618599999999951e+01,2.657020899999999841e+01,1.588867199999999968e+01,1.146655499999999961e+01,-8.748815000000000452e+01,-3.936660799999999938e+01,-1.075009299999999968e+01,4.042672999999999739e+00,-1.436853999999999942e+01,3.368099200000000337e+01
-5.490677999999999948e+00,-2.267888900000000163e+01,-3.119956000000000174e+00,-4.120759999999999978e-01,-2.577580000000000204e+00,5.890678000000000303e+00,-3.417270000000000030e-01,2.339322999999999819e+00,-4.251839000000000368e+00,6.645640000000000214e+00,-2.154815000000000147e+00,-7.650839999999999863e-01,-7.758108000000000004e+00,1.821868000000000043e+00,-2.386941999999999897e+00,8.024364999999999526e+00,-2.292460099999999912e+01,-3.066322399999999959e+01,-7.555477999999999916e+00,-2.472434000000000154e+01,1.109331099999999992e+01,2.092476800000000026e+01,4.216821999999999626e+00,-1.627537699999999887e+01,8.128577999999999193e+00,1.014554900000000082e+01,-9.549149999999999583e-01,9.444948999999999373e+00,-3.523040900000000164e+01,-2.148130700000000104e+01,-7.031827999999999967e+00,-2.069556400000000096e+01,-7.488815999999999917e+00,-1.993528399999999934e+01,-1.271927600000000069e+01,-1.923537899999999823e+01,-1.298854900000000079e+01,-7.973366999999999649e+00,-4.615846999999999589e+00,2.008078999999999947e+00,-1.840960499999999911e+01,-4.372358499999999992e+01,-2.695639500000000055e+01,-3.240650899999999979e+01,-1.210177400000000070e+01,-3.953648999999999969e+00,-3.819798300000000069e+01,-4.561037799999999720e+01,5.350260000000000016e-01,-1.741005900000000040e+01,-2.128261000000000180e+00,-2.212759799999999899e+01,-4.062548600000000221e+01,-3.879769199999999785e+01,-2.140747500000000159e+01,-1.558531499999999959e+01,-4.936206000000000316e+00,-1.286644899999999936e+01,7.183830999999999634e+00,-1.139939299999999989e+01,1.584400100000000045e+01,9.311982000000000426e+00,-1.193168900000000043e+01,-6.778293999999999819e+00,2.469166699999999892e+01,2.331428299999999965e+01,7.668859999999999566e+00,1.409337999999999980e+00,-1.454149499999999939e+01,-1.354166999999999987e+01,-1.637782000000000071e+00,1.113079300000000060e+01,-1.214407899999999962e+01,-4.476313000000000208e+00,-1.185285599999999917e+01,-1.096984999999999921e+01,-5.024263000000000368e+00,-1.550847300000000040e+01,-3.345310099999999665e+01,-2.756053700000000006e+01,-1.595805599999999913e+01,-1.897516900000000106e+01,-5.815474000000000032e+00,-2.666496400000000122e+01,-4.531295000000000073e+00,-8.123884000000000327e+00,-1.079638399999999976e+01,-5.440419000000000338e+00,-1.542408000000000001e+00,-8.192133000000000109e+00,-1.964108500000000035e+01,-1.920695699999999917e+01,-5.425702000000000247e+00,-5.206679000000000279e+00,-8.297841999999999274e+00,-2.571273999999999837e+00,-2.313987300000000147e+01,-2.038562699999999950e+01,-4.478597700000000259e+01,-9.059259000000000839e+00,2.547270999999999841e+00,-4.297621000000000357e+00,-1.749697000000000058e+00,-1.538294999999999968e+00,5.649153000000000091e+00,-3.468592699999999951e+01,1.130903900000000029e+01,1.344374000000000002e+01,8.199600000000000222e-01,-1.500519300000000023e+01,-8.619419600000000514e+01,-4.170951099999999911e+01,-1.364613699999999952e+01,-3.279221000000000164e+00,-1.363578900000000083e+01,-2.489742299999999986e+01
5.857448999999999906e+00,-9.058947999999999112e+00,7.294000000000000483e-02,6.625948000000000171e+00,-8.450699999999999878e-02,7.339623999999999704e+00,3.564667000000000030e+00,1.213329700000000066e+01,1.412760000000000127e-01,1.007136999999999993e+01,6.752619000000000149e+00,5.784393999999999814e+00,-8.600459999999999772e-01,1.291001499999999957e+01,3.324421000000000070e+00,1.169688099999999942e+01,-1.406213299999999933e+01,-2.212365399999999838e+01,-6.425289000000000250e+00,-1.370216699999999932e+01,1.261844299999999919e+01,2.713050399999999840e+01,9.048861999999999739e+00,-3.966587999999999781e+00,6.271560000000000468e-01,1.405646699999999960e+01,-5.957050000000000400e-01,1.497524400000000000e+01,-1.702882500000000121e+01,-1.409751900000000013e+01,-2.441723999999999783e+00,1.044148999999999994e+00,-2.625614999999999810e+00,-5.597883999999999638e+00,-4.243338999999999750e+00,-1.200623999999999914e+00,5.355940000000000145e-01,5.240701999999999749e+00,1.267717200000000055e+01,6.389245999999999981e+00,6.587973999999999997e+00,7.969921000000000255e+00,-8.013574000000000197e+00,-7.656505000000000116e+00,5.111930000000000085e+00,1.259878900000000002e+01,-1.797797500000000070e+01,-1.872966399999999965e+01,1.422172300000000078e+01,-4.551415999999999684e+00,6.701838000000000406e+00,-7.075992000000000282e+00,-2.618316899999999947e+01,-2.859756900000000002e+01,-1.040743499999999955e+01,-1.986423000000000050e+00,3.833791000000000171e+00,-7.491624999999999979e+00,1.760595400000000055e+01,6.444757000000000069e+00,1.911282299999999879e+01,1.673255599999999887e+01,-4.056416999999999717e+00,2.989707999999999810e+00,3.139343300000000170e+01,3.041151599999999888e+01,1.262854800000000033e+01,1.375578400000000023e+01,-1.011686500000000066e+01,4.734604000000000035e+00,7.943037999999999599e+00,1.812092099999999917e+01,-4.709350999999999843e+00,8.176430999999999116e+00,8.828333999999999904e+00,1.221424000000000065e+00,1.857852999999999977e+00,5.118960000000000177e-01,-1.919773299999999949e+01,-1.316751299999999958e+01,-4.523944000000000187e+00,-4.872552999999999912e+00,5.001849999999999907e-01,-8.280146999999999480e+00,1.217880000000000074e+00,1.417419999999999902e+00,1.076170000000000043e-01,5.326372000000000106e+00,4.985796999999999812e+00,4.545380999999999894e+00,-8.433424000000000476e+00,-1.318271499999999996e+01,-9.188169999999999948e-01,-1.721556000000000086e+00,-7.022851000000000177e+00,-1.045196900000000007e+01,-5.931331000000000131e+00,-1.367145499999999991e+01,-2.645325599999999966e+01,-3.753226000000000173e+00,5.517782000000000409e+00,-4.584764999999999979e+00,-6.663449999999999651e-01,-1.164511999999999992e+00,5.821889999999999565e-01,-6.354787999999999926e+01,1.040363499999999952e+01,9.996260000000000145e-01,-1.675602900000000162e+01,-3.364535300000000007e+01,-5.639583600000000274e+01,-3.449184600000000245e+01,-1.487678299999999965e+01,-5.064282999999999646e+00,-3.606682000000000166e+00,-6.287821300000000235e+01
1.507854599999999934e+01,5.141227999999999909e+00,5.408244999999999969e+00,1.140981200000000051e+01,4.782803000000000360e+00,7.925417000000000378e+00,7.479951999999999934e+00,1.917287999999999926e+01,5.523994000000000071e+00,1.248007600000000039e+01,1.338784300000000016e+01,1.295266100000000087e+01,6.747619000000000256e+00,2.257478000000000051e+01,9.758020999999999390e+00,1.212060199999999988e+01,-5.924089999999999634e+00,-1.340803499999999993e+01,-2.933526000000000078e+00,3.258664000000000005e+00,1.413080399999999948e+01,3.144596400000000003e+01,1.104474199999999939e+01,9.218042000000000513e+00,-4.066403000000000212e+00,1.729805299999999946e+01,1.710359999999999936e-01,1.558175600000000038e+01,4.050799999999999734e+00,-2.740549999999999820e+00,1.334332000000000074e+00,1.975217500000000115e+01,3.346900999999999904e+00,1.055315099999999973e+01,7.801088000000000022e+00,1.443087799999999987e+01,1.332291599999999931e+01,1.616712100000000163e+01,2.603357600000000005e+01,1.161115700000000039e+01,2.646581199999999967e+01,4.674188600000000093e+01,9.570052999999999699e+00,1.247213700000000003e+01,1.922466000000000008e+01,1.859181799999999996e+01,-2.722570000000000268e-01,5.834410000000000096e+00,2.356779300000000177e+01,5.265598999999999918e+00,1.015595199999999920e+01,7.361187000000000147e+00,-8.803423999999999694e+00,-1.481174000000000035e+01,2.022345000000000059e+00,6.243819000000000230e+00,1.006984699999999933e+01,-3.170312000000000019e+00,2.288666900000000126e+01,2.032385400000000075e+01,2.085475200000000129e+01,2.252020900000000125e+01,2.920039000000000051e+00,9.832207000000000363e+00,3.150509800000000027e+01,3.011974800000000130e+01,1.720436199999999971e+01,2.222604499999999916e+01,3.262894999999999879e+00,2.783412300000000172e+01,1.480639000000000038e+01,1.692565400000000153e+01,3.810801000000000105e+00,1.604709899999999934e+01,2.269543399999999878e+01,1.257698899999999931e+01,7.416342000000000212e+00,1.579243499999999933e+01,-3.345289000000000179e+00,5.883879000000000303e+00,5.611430000000000362e+00,9.636257999999999768e+00,6.047273999999999816e+00,1.184021500000000060e+01,6.871358999999999995e+00,1.166935900000000004e+01,1.004326799999999942e+01,1.270930800000000005e+01,1.001392200000000088e+01,1.596730699999999992e+01,2.256123999999999796e+00,-4.932347000000000037e+00,5.311306000000000083e+00,2.921781000000000184e+00,1.122742700000000049e+01,-9.339199999999999946e+00,9.855560000000000542e+00,6.045700000000000518e-01,-8.325435999999999837e+00,3.368320999999999898e+00,8.698000999999999650e+00,-3.124442000000000164e+00,5.601110000000000255e-01,-4.120690000000000186e-01,1.216500000000000047e-02,-6.239795699999999812e+01,1.048551499999999947e+01,-5.496890999999999750e+00,-3.061143099999999961e+01,-3.510132399999999819e+01,-1.101039800000000035e+01,-2.127954899999999938e+01,-1.154975600000000036e+01,-7.650869999999999616e-01,1.211181599999999925e+01,-5.342618099999999970e+01
1.821937700000000149e+01,1.413810199999999995e+01,1.032452699999999979e+01,1.210070299999999932e+01,1.099968800000000080e+01,7.377489999999999881e+00,9.748362999999999445e+00,2.023370999999999853e+01,1.073850799999999950e+01,1.345966899999999988e+01,1.306349499999999964e+01,1.709989500000000007e+01,1.054499299999999984e+01,2.592933899999999880e+01,1.408132200000000012e+01,9.580942999999999543e+00,-1.382177999999999907e+00,-6.262436000000000114e+00,2.919861000000000040e+00,1.886990000000000123e+01,1.365361700000000056e+01,2.601152000000000086e+01,9.184653000000000844e+00,1.537423700000000082e+01,-3.521133999999999986e+00,1.776916999999999902e+01,1.165680999999999967e+00,1.142679500000000026e+01,1.958873699999999829e+01,8.798681999999999448e+00,2.227485999999999855e+00,2.509110400000000141e+01,8.663897999999999655e+00,2.063845900000000100e+01,1.681173300000000026e+01,2.121294299999999922e+01,2.140053800000000095e+01,2.101856300000000033e+01,3.157873999999999981e+01,1.689654000000000167e+01,4.215279300000000262e+01,5.705445199999999772e+01,1.715861100000000050e+01,1.896078500000000133e+01,2.364569300000000140e+01,1.096252199999999988e+01,8.256949999999999790e+00,1.928664699999999854e+01,2.382923500000000061e+01,8.860587999999999909e+00,6.333306000000000324e+00,1.411905800000000077e+01,4.796167999999999765e+00,-1.610133999999999954e+00,1.136298000000000030e+01,7.540907999999999944e+00,1.143298799999999993e+01,-6.350339999999999874e-01,2.172144899999999978e+01,2.489667299999999983e+01,2.075539600000000107e+01,2.552333199999999991e+01,6.354913999999999952e+00,1.181144500000000086e+01,2.440795500000000118e+01,2.204053599999999946e+01,1.879539000000000115e+01,2.114527299999999954e+01,2.075076599999999871e+01,4.521982599999999763e+01,1.541345300000000051e+01,7.581671000000000049e+00,1.123299399999999970e+01,1.738406700000000171e+01,2.660158500000000004e+01,1.767542800000000014e+01,1.109546699999999930e+01,2.296208700000000036e+01,1.064659299999999931e+01,2.284517299999999906e+01,1.090286500000000025e+01,2.015658399999999872e+01,9.642618000000000578e+00,2.650481999999999871e+01,9.916619999999999990e+00,1.775858600000000109e+01,1.511546099999999981e+01,1.431093699999999913e+01,1.127512199999999964e+01,2.147707099999999869e+01,7.234236000000000111e+00,2.772394999999999943e+00,1.059683000000000064e+01,6.584024999999999572e+00,3.820349999999999824e+01,6.870150000000000423e-01,1.897047600000000145e+01,1.738933899999999966e+01,2.648484999999999978e+00,9.481172000000000821e+00,1.082027599999999978e+01,-4.128910000000000080e-01,1.593965000000000076e+00,4.979970000000000230e-01,3.567953000000000152e+00,-3.456930100000000294e+01,8.395766000000000062e+00,-5.063420999999999950e+00,-3.470270500000000169e+01,-1.995786199999999866e+01,3.138459999999999894e+01,-7.076075000000000337e+00,-2.519136000000000042e+00,6.581826999999999650e+00,2.697172499999999928e+01,1.143122999999999889e+00
1.451728499999999933e+01,1.632351799999999997e+01,1.290236999999999945e+01,1.009031599999999962e+01,1.679904399999999853e+01,6.511662000000000283e+00,1.020286699999999946e+01,1.615903799999999890e+01,1.518832199999999943e+01,1.375115899999999947e+01,5.978837000000000401e+00,1.651594700000000060e+01,8.358893000000000129e+00,2.151079400000000064e+01,1.488203200000000059e+01,6.612929000000000279e+00,-1.235100000000000087e+00,-2.088166000000000189e+00,9.630791000000000324e+00,2.812043800000000005e+01,1.089694800000000008e+01,8.004787000000000319e+00,4.988758999999999943e+00,1.291340399999999988e+01,2.147818000000000005e+00,1.601383600000000129e+01,2.317035999999999873e+00,5.092336999999999669e+00,2.435866700000000051e+01,1.624061100000000124e+01,1.060240000000000071e+00,1.632669200000000131e+01,1.232699599999999940e+01,2.241738000000000142e+01,1.782738300000000109e+01,1.991873800000000116e+01,2.309396999999999878e+01,1.959006000000000114e+01,3.083901200000000031e+01,2.137730300000000128e+01,5.789043199999999700e+01,4.361595599999999706e+01,1.232994300000000010e+01,1.140324700000000036e+01,1.803408599999999851e+01,-4.315542999999999907e+00,6.890625000000000000e+00,2.137222099999999969e+01,1.636520000000000152e+01,7.406911000000000023e+00,-1.857417000000000096e+00,1.139306599999999925e+01,1.120678999999999981e+01,8.246527999999999636e+00,1.570129900000000056e+01,4.792769999999999975e+00,7.940665000000000084e+00,6.412799999999999612e-01,1.660730300000000170e+01,2.153067300000000017e+01,1.960735199999999878e+01,2.580526300000000006e+01,5.773606000000000016e+00,1.009493499999999955e+01,1.428526600000000002e+01,1.046087099999999914e+01,1.695485800000000154e+01,1.234233500000000028e+01,3.586131000000000313e+01,5.167946299999999837e+01,9.580864000000000047e+00,-5.190178000000000402e+00,1.575723100000000088e+01,1.334454200000000057e+01,2.157315600000000089e+01,1.502201999999999948e+01,1.363227999999999973e+01,1.967009200000000035e+01,2.016215899999999905e+01,3.175264800000000065e+01,1.094390300000000060e+01,2.449497900000000072e+01,1.154448999999999970e+01,3.305754000000000303e+01,9.613697999999999411e+00,1.729921500000000023e+01,1.455571199999999976e+01,1.149158800000000014e+01,9.012809000000000736e+00,2.029340099999999936e+01,5.233754000000000239e+00,7.462087999999999610e+00,1.258334999999999937e+01,7.857438000000000144e+00,6.047818000000000183e+01,1.508355199999999918e+01,2.105010199999999898e+01,3.106391500000000150e+01,4.891513999999999918e+00,1.209888499999999922e+01,1.081138100000000080e+01,2.623177000000000092e+00,2.127295000000000158e+00,1.474290000000000100e+00,8.637340000000000018e+00,4.592689000000000021e+00,1.909912000000000054e+00,-3.901859999999999773e-01,-2.567229899999999887e+01,3.522556999999999938e+00,5.723474800000000329e+01,4.081108999999999654e+00,9.698016000000000858e+00,1.285039399999999965e+01,3.471908700000000181e+01,7.068191199999999697e+01
6.801484000000000307e+00,1.444037400000000027e+01,1.296675600000000017e+01,8.677830000000000155e+00,2.038454799999999878e+01,6.531674999999999898e+00,1.016552599999999984e+01,1.096208099999999952e+01,1.875681799999999910e+01,1.438235500000000044e+01,-3.040871000000000102e+00,1.180309300000000050e+01,1.846406999999999909e+00,1.162579000000000029e+01,1.285722499999999968e+01,5.927890999999999799e+00,-4.593754999999999811e+00,-2.133391000000000037e+00,1.473384000000000071e+01,3.087431600000000032e+01,7.379293999999999798e+00,-1.745253999999999905e+01,1.882765000000000022e+00,7.560203999999999702e+00,1.003814599999999935e+01,1.474423799999999929e+01,3.515801999999999872e+00,2.283930000000000127e-01,1.831442399999999893e+01,1.672215500000000077e+01,9.419589999999999907e-01,2.574568999999999885e+00,1.427036499999999997e+01,2.015510799999999847e+01,1.091075400000000073e+01,1.737326399999999893e+01,1.917992500000000078e+01,1.468148500000000034e+01,2.893723200000000162e+01,2.412898500000000013e+01,7.436643800000000226e+01,2.567903400000000147e+01,-2.658530000000000060e-01,-2.829943999999999793e+00,8.205021999999999593e+00,-1.606752300000000133e+01,1.641829999999999956e-01,1.876544900000000027e+01,7.880532999999999788e+00,4.931167000000000300e+00,-8.428231000000000250e+00,3.330211999999999950e+00,1.139116800000000040e+01,1.395427699999999938e+01,1.618311399999999978e+01,2.557134000000000018e+00,1.826141000000000014e+00,1.931971000000000105e+00,1.221140899999999974e+01,1.654377500000000012e+01,1.864644300000000143e+01,2.427255800000000008e+01,2.723038999999999987e+00,7.529681000000000068e+00,7.711369999999999614e+00,1.849493000000000054e+00,1.380692100000000089e+01,4.219145000000000145e+00,4.391555600000000226e+01,5.092697900000000288e+01,3.327919999999999767e-01,-1.472179900000000075e+01,1.609793000000000163e+01,6.775377999999999901e+00,1.113114999999999988e+01,7.663378999999999941e+00,1.577311500000000066e+01,9.485200000000000742e+00,2.262822500000000048e+01,3.010245099999999852e+01,7.683595000000000397e+00,2.273693300000000050e+01,1.256207400000000085e+01,3.353064400000000234e+01,7.255180000000000184e+00,1.143215600000000087e+01,1.083463599999999971e+01,7.918464000000000169e+00,5.691746000000000194e+00,1.532517400000000052e+01,-4.087879999999999847e-01,8.234574999999999534e+00,1.067562399999999911e+01,6.948250999999999955e+00,6.804872100000000046e+01,2.761590599999999895e+01,2.014350100000000054e+01,3.852546699999999902e+01,2.268571000000000115e+00,1.076072300000000048e+01,8.584421000000000745e+00,5.050192000000000014e+00,2.133084999999999898e+00,2.494682000000000066e+00,1.237869199999999914e+01,3.784072799999999859e+01,-7.665297999999999945e+00,4.883086999999999733e+00,-5.054096000000000366e+00,2.556316299999999941e+01,6.481206799999999646e+01,1.054117300000000057e+01,1.948582599999999942e+01,1.565147799999999911e+01,3.236293200000000070e+01,1.162814019999999999e+02
-5.389270000000000449e-01,1.262811100000000053e+01,1.170813200000000087e+01,1.015233399999999975e+01,2.045354299999999981e+01,7.820134999999999614e+00,1.104133299999999984e+01,8.424443999999999377e+00,2.105633999999999872e+01,1.532314399999999921e+01,-8.320532999999999291e+00,4.707938000000000400e+00,-4.817190000000000083e+00,3.439200000000000035e-01,9.524637999999999494e+00,7.947455999999999854e+00,-9.865047000000000565e+00,-7.017593999999999888e+00,1.598533600000000021e+01,3.050727200000000039e+01,4.878200999999999787e+00,-3.978437100000000015e+01,2.738713000000000175e+00,7.263481999999999772e+00,1.565811899999999923e+01,1.607729900000000001e+01,4.372469999999999857e+00,-7.995389999999999997e-01,5.541765999999999970e+00,1.003059499999999993e+01,4.481792000000000442e+00,-4.212290999999999563e+00,1.485311199999999943e+01,2.026944200000000151e+01,9.190920000000000201e-01,2.051913199999999904e+01,1.161055799999999927e+01,9.516125000000000611e+00,2.972653499999999838e+01,2.386876300000000128e+01,8.447188199999999370e+01,2.137693399999999855e+01,-1.237443099999999951e+01,-1.423262199999999922e+01,1.794516999999999918e+00,-1.552444299999999977e+01,-5.797143000000000157e+00,1.894623699999999999e+01,5.619836000000000276e+00,5.091779999999999973e+00,-8.337877999999999901e+00,-3.144934999999999814e+00,8.989378999999999564e+00,1.603303999999999974e+01,1.527119000000000071e+01,3.415897999999999879e+00,-3.897359999999999935e+00,4.122574000000000183e+00,1.189722199999999930e+01,1.584902499999999925e+01,1.812994099999999875e+01,2.140674800000000033e+01,-5.850619999999999710e-01,6.190704000000000207e+00,8.828853999999999758e+00,4.515500000000000069e-01,1.228737800000000036e+01,5.304787000000000141e+00,4.413204199999999844e+01,5.176987700000000103e+01,-8.152611999999999526e+00,-1.640800899999999984e+01,1.143041499999999999e+01,1.785740000000000105e-01,-1.533565999999999985e+00,5.652650000000000174e-01,1.695580100000000101e+01,-1.186674999999999924e+00,1.592286000000000001e+01,1.980443500000000157e+01,3.323490000000000055e+00,1.602877799999999908e+01,1.280355400000000010e+01,3.139012299999999911e+01,4.863046999999999898e+00,3.512259999999999938e+00,7.576039999999999885e+00,6.498883000000000187e+00,4.004504999999999981e+00,1.057901299999999978e+01,-4.067713000000000356e+00,6.267923999999999829e+00,6.454273999999999845e+00,5.445015999999999856e+00,6.001687400000000139e+01,3.328764600000000229e+01,2.110872000000000170e+01,4.013829100000000238e+01,7.219520000000000381e-01,7.359446000000000154e+00,5.270070999999999728e+00,6.341764999999999652e+00,1.954966999999999899e+00,3.511544999999999916e+00,1.344792099999999913e+01,5.548299399999999792e+01,-1.565500800000000048e+01,8.636744999999999450e+00,2.055834000000000117e+01,4.026033699999999982e+01,6.269160099999999858e+01,1.288737800000000000e+01,2.139988999999999919e+01,1.549628099999999975e+01,2.138296899999999923e+01,1.141015409999999974e+02
-4.534258000000000344e+00,1.277969799999999978e+01,1.032608399999999982e+01,1.362715700000000041e+01,1.652169299999999907e+01,9.349952999999999292e+00,1.272681099999999965e+01,8.957079999999999487e+00,2.085821699999999979e+01,1.496407400000000010e+01,-7.587125999999999593e+00,-3.305360999999999994e+00,-7.964928999999999704e+00,-9.163636000000000337e+00,5.345594000000000179e+00,1.004955900000000035e+01,-1.556237299999999912e+01,-1.588009800000000027e+01,1.249669800000000031e+01,2.992726700000000051e+01,3.760222999999999871e+00,-4.909300600000000259e+01,7.492079999999999629e+00,1.520930899999999930e+01,1.520632699999999993e+01,1.901881799999999956e+01,4.269626999999999839e+00,1.519462000000000090e+00,-8.728695999999999344e+00,-1.481757999999999909e+00,1.110606899999999975e+01,1.755914999999999893e+00,1.417807299999999948e+01,2.538376200000000082e+01,-6.035510000000000375e+00,3.037467600000000090e+01,2.000560999999999812e+00,5.267578999999999567e+00,3.181695399999999907e+01,1.895843500000000148e+01,7.596270900000000381e+01,3.369069999999999965e+01,-1.732657100000000128e+01,-1.727283600000000163e+01,3.004379999999999828e+00,-2.160330000000000084e+00,-7.170827000000000062e+00,2.436055800000000104e+01,1.210550399999999982e+01,8.652509000000000228e+00,-9.329520000000000035e-01,-2.988910999999999873e+00,7.381149999999999878e+00,1.531567700000000087e+01,1.437500400000000056e+01,6.240065999999999669e+00,-7.209449000000000218e+00,6.775896999999999615e+00,1.512012200000000028e+01,2.019322199999999867e+01,1.642033299999999940e+01,1.637482100000000074e+01,-2.880567999999999795e+00,5.723144999999999705e+00,1.591257599999999961e+01,5.331865999999999772e+00,1.363691700000000040e+01,1.736012099999999947e+01,3.903891999999999740e+01,5.958529200000000259e+01,-1.302415099999999981e+01,-1.036332900000000024e+01,1.538610000000000033e+00,-5.706573999999999813e+00,-1.538752599999999937e+01,-3.186796999999999880e+00,1.512760500000000086e+01,-7.677338999999999913e+00,1.097039999999999960e-01,5.752603999999999829e+00,-1.388579999999999925e+00,5.362905999999999729e+00,1.124371599999999916e+01,2.784769800000000117e+01,3.498718999999999912e+00,-3.302150000000000141e+00,6.898470999999999798e+00,7.148403000000000063e+00,4.721758000000000344e+00,8.189939999999999998e+00,-1.595016999999999907e+00,4.204589000000000354e+00,2.736314999999999831e+00,5.167631000000000085e+00,4.360959100000000177e+01,3.002698600000000084e+01,2.557002599999999859e+01,3.812405400000000100e+01,3.966177000000000064e+00,4.784463999999999828e+00,2.622920000000000140e+00,6.571934999999999860e+00,2.114167000000000129e+00,4.414354999999999585e+00,1.231593200000000010e+01,5.833320599999999700e+01,-1.705360399999999998e+01,1.073012499999999925e+01,4.205809699999999651e+01,4.693091100000000182e+01,6.142376300000000100e+01,1.269260899999999914e+01,1.413004199999999955e+01,1.468906100000000059e+01,6.682989000000000068e+00,6.834635699999999758e+01
-5.385144000000000375e+00,1.306642100000000006e+01,8.911939999999999529e+00,1.541631399999999985e+01,9.157802999999999471e+00,9.343432999999999211e+00,1.327747600000000006e+01,9.293049999999999145e+00,1.650931200000000132e+01,1.112007099999999937e+01,-3.381981999999999822e+00,-1.149383300000000041e+01,-6.865169999999999995e+00,-1.600224499999999850e+01,-8.305749999999999522e-01,8.377167000000000030e+00,-2.055059800000000081e+01,-2.598204499999999939e+01,5.175747000000000320e+00,2.838184899999999899e+01,2.741619000000000028e+00,-4.180826499999999868e+01,1.281384000000000079e+01,2.662623999999999924e+01,7.786304000000000336e+00,1.959078999999999837e+01,2.820321999999999996e+00,4.302571000000000367e+00,-2.085168200000000027e+01,-1.413402800000000070e+01,1.680850200000000072e+01,1.581000200000000078e+01,1.184320699999999960e+01,3.160391900000000120e+01,-6.776994000000000185e+00,4.063701300000000316e+01,-8.884268999999999750e+00,6.243649999999999478e-01,2.900059999999999860e+01,8.236285000000000522e+00,4.017615399999999681e+01,4.832253999999999650e+01,-1.351512699999999967e+01,-1.278475199999999923e+01,1.019457200000000086e+01,1.634748700000000099e+01,-4.050498000000000154e+00,3.109293900000000122e+01,2.333933700000000044e+01,1.336005399999999987e+01,9.652732000000000312e+00,3.994975999999999861e+00,7.625270999999999688e+00,1.239857199999999970e+01,1.278848900000000022e+01,7.551569999999999894e+00,-8.041081999999999397e+00,8.168827000000000282e+00,1.783348099999999903e+01,2.465657399999999910e+01,1.065671099999999960e+01,7.591694999999999638e+00,-4.575372999999999912e+00,3.691692999999999891e+00,2.224047600000000102e+01,1.117967499999999959e+01,1.619249299999999891e+01,3.346456100000000333e+01,3.184106600000000142e+01,6.994956999999999425e+01,-1.403653699999999915e+01,-1.036288000000000098e+00,-1.269207199999999958e+01,-1.175916100000000064e+01,-3.104710400000000092e+01,-4.444423999999999708e+00,8.066903999999999186e+00,-9.752380999999999744e+00,-2.099427299999999974e+01,-7.119098000000000148e+00,-7.223558999999999841e+00,-8.537264999999999660e+00,6.582232999999999556e+00,2.088356599999999830e+01,2.590371999999999897e+00,-7.726604000000000028e+00,8.130521999999999139e+00,7.132587000000000010e+00,6.083635000000000126e+00,7.280412000000000106e+00,6.940279000000000309e+00,4.666082000000000285e+00,1.840676999999999897e+00,6.915343000000000018e+00,2.780617600000000067e+01,1.883574799999999883e+01,3.046706000000000003e+01,3.395588599999999957e+01,1.117986999999999931e+01,4.820983000000000018e+00,1.926954999999999973e+00,6.275407999999999653e+00,2.935376000000000207e+00,5.059356000000000186e+00,1.023006600000000077e+01,5.337265399999999715e+01,-1.026594399999999929e+01,1.158736599999999939e+01,5.191764700000000232e+01,4.760182499999999806e+01,6.476111899999999366e+01,1.124559200000000025e+01,2.184992999999999963e+00,1.502617300000000000e+01,-6.014390999999999821e+00,5.839593999999999951e+00
-5.748065999999999676e+00,9.732979000000000269e+00,6.495244999999999713e+00,1.178453499999999998e+01,7.390299999999999647e-02,6.717323000000000377e+00,1.029071099999999994e+01,5.329772000000000176e+00,7.304178000000000281e+00,2.965873999999999899e+00,-6.342140000000000555e-01,-1.912876100000000079e+01,-3.799312000000000022e+00,-2.091168599999999955e+01,-1.028660900000000034e+01,1.003120000000000012e+00,-2.387558200000000141e+01,-3.340455500000000200e+01,-3.719138000000000055e+00,2.181878400000000084e+01,2.772270000000000012e-01,-2.234132200000000168e+01,1.428660499999999978e+01,3.205999800000000022e+01,-3.807233999999999785e+00,1.379549100000000017e+01,3.891660000000000119e-01,4.456526000000000209e+00,-2.956460699999999875e+01,-2.448136399999999924e+01,1.679887099999999833e+01,2.635822800000000043e+01,7.360384999999999955e+00,3.127400300000000044e+01,-2.908596999999999877e+00,4.212762399999999730e+01,-2.034635600000000011e+01,-6.348996999999999780e+00,1.523959200000000003e+01,-7.578979999999999606e+00,-1.902227999999999852e+01,4.498917200000000349e+01,-4.271467000000000347e+00,-5.594098999999999933e+00,1.775599800000000172e+01,2.972164700000000082e+01,8.131979999999999764e-01,3.264647300000000030e+01,3.172876799999999875e+01,1.603916999999999859e+01,1.736690199999999962e+01,1.362727699999999942e+01,8.485761999999999361e+00,7.813105000000000189e+00,8.721638999999999697e+00,4.753701000000000398e+00,-7.859284999999999854e+00,6.418571000000000026e+00,1.571172100000000071e+01,2.275827999999999918e+01,-1.080907000000000062e+00,-5.438228999999999758e+00,-7.127093000000000345e+00,-2.302716000000000207e+00,2.090161900000000017e+01,1.230740199999999973e+01,1.650325700000000140e+01,4.266693200000000274e+01,2.385879299999999859e+01,7.009012300000000550e+01,-1.296591199999999944e+01,5.834971999999999603e+00,-2.875050500000000042e+01,-1.897212700000000041e+01,-4.840862099999999657e+01,-6.778476000000000390e+00,-4.584192999999999962e+00,-1.068891700000000000e+01,-4.025248500000000007e+01,-1.637388400000000033e+01,-1.500141299999999944e+01,-2.424498499999999979e+01,-1.254170999999999925e+00,7.790223000000000120e+00,7.675269999999999593e-01,-1.028742100000000015e+01,8.725346999999999298e+00,3.657789999999999875e+00,5.248202000000000034e+00,5.320490999999999637e+00,1.729178900000000141e+01,8.695432000000000272e+00,4.154816000000000287e+00,9.954340999999999440e+00,1.666498699999999999e+01,2.954401999999999973e+00,3.031318999999999875e+01,2.700467799999999841e+01,1.805205099999999874e+01,6.837500999999999607e+00,3.131015999999999799e+00,6.049298000000000286e+00,4.255856999999999779e+00,5.311295000000000321e+00,7.877622999999999820e+00,4.645709300000000042e+01,1.288605000000000000e+00,1.061392099999999949e+01,4.749052499999999810e+01,4.356945499999999782e+01,6.692512000000000683e+01,9.064534000000000091e+00,-6.385892000000000124e+00,1.613848499999999930e+01,-1.289234599999999986e+01,-4.266248300000000171e+01
-8.179600999999999900e+00,7.010699999999999710e-01,2.166840999999999795e+00,2.044275999999999982e+00,-8.178563999999999723e+00,2.113964999999999872e+00,3.032067000000000068e+00,-4.097495999999999583e+00,-5.179304000000000130e+00,-7.619902999999999871e+00,-2.436526000000000192e+00,-2.462621400000000094e+01,-1.902476000000000056e+00,-2.449729500000000115e+01,-2.211064000000000007e+01,-9.984412000000000731e+00,-2.460278399999999976e+01,-3.468851999999999691e+01,-1.158261899999999933e+01,6.701484999999999914e+00,-3.720520000000000049e+00,-1.239760000000000029e-01,9.588502999999999332e+00,2.467610399999999871e+01,-1.440771299999999933e+01,1.167510999999999965e+00,-1.857000999999999902e+00,9.468180000000000485e-01,-3.482021799999999701e+01,-3.033059700000000092e+01,9.192194000000000642e+00,2.355379999999999896e+01,9.123329999999999496e-01,1.916378999999999877e+01,8.569830000000000503e-01,2.980065000000000097e+01,-3.056683599999999856e+01,-1.564476499999999959e+01,-9.358309999999999462e+00,-2.496173100000000034e+01,-8.296584500000000162e+01,1.380800299999999936e+01,5.139456000000000024e+00,9.605600000000000249e-02,2.048521600000000120e+01,3.194875000000000043e+01,4.681858000000000075e+00,2.556725199999999987e+01,3.144394199999999984e+01,1.510335199999999922e+01,1.825617099999999837e+01,2.051759799999999956e+01,8.120592999999999506e+00,2.506372999999999962e+00,1.478668000000000093e+00,-1.388765000000000027e+00,-8.269315999999999889e+00,9.994389999999999663e-01,7.733975000000000044e+00,1.194471200000000088e+01,-1.752744699999999867e+01,-2.044490400000000108e+01,-1.149331399999999981e+01,-1.226492299999999958e+01,1.003934199999999954e+01,6.817397999999999847e+00,1.195763499999999979e+01,3.775113999999999947e+01,1.401658600000000021e+01,4.799065399999999926e+01,-1.183298899999999954e+01,6.801524999999999821e+00,-4.254189099999999968e+01,-2.677878099999999861e+01,-6.438612100000000282e+01,-1.300583899999999993e+01,-2.004259199999999908e+01,-1.379434700000000014e+01,-5.013095700000000221e+01,-2.254109199999999902e+01,-2.388667200000000079e+01,-3.866475799999999907e+01,-1.023432500000000012e+01,-1.093518199999999929e+01,-2.580055000000000209e+00,-1.196338599999999985e+01,6.528304000000000329e+00,-3.399322000000000177e+00,7.080849999999999644e-01,7.135329999999999728e-01,2.373739600000000038e+01,1.501910099999999915e+01,7.911315000000000097e+00,1.252585900000000052e+01,7.326425000000000409e+00,-1.327134799999999970e+01,2.151628600000000091e+01,1.555568500000000043e+01,2.015018799999999999e+01,8.245948000000000278e+00,4.840940999999999939e+00,6.135937000000000197e+00,5.448082000000000313e+00,5.052101999999999649e+00,4.894989999999999952e+00,3.791819999999999879e+01,1.105779800000000002e+01,6.137281999999999904e+00,3.165521599999999935e+01,3.409086899999999787e+01,5.775268400000000213e+01,6.246343999999999674e+00,-5.134827999999999726e+00,1.568866700000000058e+01,-1.350209300000000034e+01,-6.098060000000000258e+01
-1.274269299999999916e+01,-1.190361300000000000e+01,-3.711844999999999839e+00,-1.036382200000000076e+01,-1.306912100000000088e+01,-2.413856000000000002e+00,-6.388596999999999859e+00,-1.555019300000000015e+01,-1.701837199999999939e+01,-1.656861599999999868e+01,-7.436462999999999823e+00,-2.569375900000000001e+01,-2.568346000000000018e+00,-2.601598399999999955e+01,-3.219577699999999965e+01,-1.926909099999999953e+01,-2.195012099999999933e+01,-2.848079500000000053e+01,-1.643754200000000054e+01,-1.570019800000000032e+01,-7.465779000000000387e+00,1.564069499999999913e+01,3.488470000000000182e-01,5.943754000000000204e+00,-1.929706900000000047e+01,-1.400131700000000023e+01,-2.595528999999999975e+00,-4.528951000000000171e+00,-3.610340699999999714e+01,-3.086071300000000051e+01,-3.072832000000000008e+00,6.662503000000000064e+00,-6.200794000000000139e+00,-2.681890999999999803e+00,4.674639999999999906e-01,7.041771999999999920e+00,-3.633464500000000186e+01,-2.422500600000000048e+01,-3.634721700000000055e+01,-3.822178399999999954e+01,-1.255764209999999963e+02,-3.533125499999999874e+01,1.093769799999999925e+01,3.712692000000000103e+00,1.703753999999999991e+01,2.448559300000000150e+01,6.723722999999999672e+00,1.245062599999999975e+01,2.219214799999999954e+01,1.153012200000000043e+01,1.278479300000000052e+01,2.147385799999999989e+01,5.887211999999999890e+00,-2.014796000000000031e+00,-7.111788999999999916e+00,-6.987326000000000370e+00,-9.669340999999999298e+00,-6.423104000000000369e+00,-2.703250000000000153e+00,-3.845606000000000080e+00,-3.371336999999999762e+01,-3.250706499999999721e+01,-1.682608300000000057e+01,-2.295577799999999868e+01,-5.462143000000000193e+00,-2.201712999999999809e+00,2.901685000000000070e+00,2.032561199999999957e+01,6.926909999999999457e-01,2.820209000000000188e+00,-1.134197099999999914e+01,2.475327000000000055e+00,-4.940823600000000226e+01,-3.253585000000000349e+01,-7.280749400000000549e+01,-2.222987099999999927e+01,-3.298196999999999690e+01,-1.925024000000000157e+01,-4.657387299999999897e+01,-2.734001400000000004e+01,-3.091746900000000053e+01,-4.731750300000000209e+01,-1.685121600000000086e+01,-2.979249000000000080e+01,-6.394239999999999924e+00,-1.289272599999999969e+01,1.595196999999999976e+00,-1.085046499999999980e+01,-6.199919000000000402e+00,-5.538546000000000191e+00,2.260482000000000014e+01,2.058635999999999910e+01,1.029889599999999916e+01,1.295014199999999960e+01,-6.137927000000000355e+00,-2.550880599999999987e+01,5.554327999999999932e+00,-7.014380000000000059e-01,1.608410399999999996e+01,6.427829000000000015e+00,5.219998000000000360e+00,6.252040000000000042e+00,5.770326999999999984e+00,4.173776000000000153e+00,5.434299999999999686e-01,2.401990699999999990e+01,1.351981299999999919e+01,-2.928026000000000018e+00,1.070756500000000067e+01,1.802524500000000174e+01,3.164077800000000096e+01,3.060633000000000159e+00,6.152069000000000010e+00,1.118892300000000084e+01,-1.035496700000000025e+01,-5.389260500000000320e+01
-1.663808399999999921e+01,-2.239759700000000109e+01,-9.283393000000000228e+00,-1.972529199999999960e+01,-1.325850600000000057e+01,-4.909161000000000108e+00,-1.388096999999999959e+01,-2.290725399999999823e+01,-2.361107200000000006e+01,-1.992353500000000111e+01,-1.091672499999999957e+01,-2.074473300000000009e+01,-4.451515999999999806e+00,-2.379112399999999994e+01,-3.489909899999999965e+01,-2.165011000000000152e+01,-1.564901899999999912e+01,-1.612994099999999875e+01,-1.743352300000000099e+01,-3.815238200000000290e+01,-8.698560999999999765e+00,2.017654200000000131e+01,-8.732713999999999643e+00,-1.475401199999999946e+01,-1.687349499999999836e+01,-2.498537200000000169e+01,-1.323868999999999962e+00,-8.890776000000000678e+00,-3.190563500000000019e+01,-2.617568400000000040e+01,-1.369329600000000013e+01,-1.521708399999999983e+01,-1.189065000000000083e+01,-2.526837099999999836e+01,-4.436708999999999570e+00,-1.602591299999999919e+01,-3.434407600000000116e+01,-2.748431599999999975e+01,-5.285029800000000222e+01,-4.188379900000000333e+01,-1.269465929999999929e+02,-7.751805500000000393e+01,1.239733499999999999e+01,7.601651000000000380e+00,1.007128299999999932e+01,1.392014099999999921e+01,7.912126999999999910e+00,9.836499999999999411e-02,8.768084999999999241e+00,7.692497999999999614e+00,4.974056000000000033e+00,1.688796599999999870e+01,2.860008999999999801e+00,-4.184163999999999994e+00,-1.333330300000000079e+01,-7.817277999999999949e+00,-1.089816199999999924e+01,-1.253547700000000020e+01,-1.011519099999999938e+01,-1.661677600000000155e+01,-4.299297599999999875e+01,-3.638743900000000053e+01,-2.044760799999999890e+01,-2.930205099999999874e+01,-1.724097700000000088e+01,-9.276047999999999405e+00,-7.397628000000000092e+00,-4.743120000000000114e-01,-1.567214199999999913e+01,-5.131728799999999779e+01,-1.061689499999999953e+01,-3.467340000000000089e+00,-4.593356800000000106e+01,-3.268098499999999973e+01,-6.707926100000000247e+01,-2.977777100000000132e+01,-3.793781700000000257e+01,-2.371794900000000084e+01,-3.126120399999999933e+01,-3.115470099999999931e+01,-3.229867999999999739e+01,-4.617994600000000105e+01,-1.801954200000000128e+01,-4.053068999999999988e+01,-8.515508000000000521e+00,-1.224247899999999944e+01,-3.802411999999999903e+00,-1.424048600000000064e+01,-1.191746799999999951e+01,-1.041352099999999936e+01,1.435164900000000010e+01,2.212616399999999928e+01,9.181271000000000626e+00,1.055867800000000045e+01,-2.637421199999999999e+01,-3.054796899999999837e+01,-1.139451500000000017e+01,-1.889171599999999884e+01,8.310259000000000285e+00,7.455199999999999605e-01,3.206160999999999817e+00,5.781329000000000384e+00,4.821423000000000236e+00,2.613151999999999919e+00,-5.142217999999999734e+00,2.393816000000000166e+00,7.727706999999999660e+00,-1.516038200000000025e+01,-8.872707000000000122e+00,-3.387070000000000025e+00,-6.578227000000000046e+00,1.534210000000000018e-01,2.068441100000000077e+01,2.040147999999999850e+00,-7.070363000000000397e+00,-3.892274100000000203e+01
-1.617844799999999950e+01,-2.506168399999999963e+01,-1.223232800000000076e+01,-2.161436099999999882e+01,-9.417313999999999297e+00,-5.032980000000000231e+00,-1.585404400000000003e+01,-2.159337599999999924e+01,-2.222562599999999833e+01,-1.643694800000000100e+01,-8.683954999999999202e+00,-1.056846600000000080e+01,-4.759248999999999619e+00,-1.688354800000000111e+01,-2.660571500000000000e+01,-1.563375300000000045e+01,-6.236607000000000234e+00,-8.501220000000000443e-01,-1.479703199999999974e+01,-5.084902400000000000e+01,-6.783551000000000109e+00,1.422559200000000068e+01,-1.291736500000000021e+01,-2.640544200000000075e+01,-9.482278000000000873e+00,-2.697533400000000015e+01,1.084408999999999956e+00,-9.933372000000000313e+00,-2.090696900000000014e+01,-1.691828299999999885e+01,-1.696475799999999978e+01,-2.945284399999999891e+01,-1.428740999999999950e+01,-3.812690200000000118e+01,-1.036953899999999962e+01,-2.906876300000000057e+01,-2.340450699999999884e+01,-2.235370500000000149e+01,-4.944177299999999775e+01,-3.366423400000000044e+01,-8.504083500000000129e+01,-8.867683399999999949e+01,1.102978000000000058e+01,1.369400800000000018e+01,3.431810000000000027e+00,6.402701999999999671e+00,9.433925000000000338e+00,-5.580936000000000341e+00,-2.948754000000000097e+00,5.166361000000000203e+00,-7.542419999999999680e-01,9.565322999999999354e+00,8.201079999999999481e-01,-3.235513000000000083e+00,-1.396229899999999979e+01,-2.527816000000000063e+00,-1.008133800000000058e+01,-1.408688099999999999e+01,-1.099221400000000060e+01,-1.999214100000000016e+01,-4.067717300000000336e+01,-2.978222099999999983e+01,-1.928712300000000113e+01,-2.727905700000000166e+01,-1.933833900000000128e+01,-1.084937000000000040e+01,-1.493393200000000043e+01,-1.455065800000000031e+01,-3.146947799999999873e+01,-9.194941300000000695e+01,-8.253444999999999254e+00,-7.083211999999999620e+00,-3.170446400000000153e+01,-2.490413200000000060e+01,-4.423961400000000310e+01,-3.020860499999999860e+01,-3.221122799999999842e+01,-2.289410600000000073e+01,-1.057800199999999968e+01,-3.186174099999999854e+01,-2.567172599999999960e+01,-3.407205600000000345e+01,-1.300693200000000083e+01,-3.725954999999999728e+01,-7.322014000000000244e+00,-9.223793999999999826e+00,-6.906353000000000186e+00,-1.107926900000000003e+01,-1.304345200000000027e+01,-1.119658699999999918e+01,3.008224999999999927e+00,1.788382999999999967e+01,4.344031000000000198e+00,5.909749999999999837e+00,-4.905484200000000072e+01,-2.733113000000000170e+01,-2.218878600000000034e+01,-3.359291499999999786e+01,1.247829999999999995e+00,-6.805420999999999943e+00,-7.816999999999999504e-01,4.212739000000000011e+00,2.796343999999999941e+00,4.526330000000000076e-01,-1.080921099999999946e+01,-2.346191100000000063e+01,-2.237086999999999826e+00,-2.634354000000000084e+01,-2.275093400000000088e+01,-2.534155300000000111e+01,-4.333573700000000173e+01,-1.787395000000000067e+00,2.862271099999999890e+01,-9.685359000000000052e+00,-6.229245999999999839e+00,-3.129346599999999867e+01
-9.643513999999999697e+00,-1.805064000000000135e+01,-1.134443599999999996e+01,-1.568880099999999977e+01,-4.035414000000000279e+00,-4.338404999999999845e+00,-1.161070400000000014e+01,-1.200496000000000052e+01,-1.377096700000000062e+01,-8.584298000000000428e+00,-6.584830000000000405e-01,1.248996999999999913e+00,-1.707325999999999899e+00,-6.549344999999999750e+00,-8.741227000000000302e+00,-4.642998999999999654e+00,4.957313000000000081e+00,1.394905200000000001e+01,-9.479214000000000695e+00,-4.735081199999999768e+01,-3.660384000000000082e+00,2.276270999999999933e+00,-1.046698400000000007e+01,-2.389769599999999983e+01,-1.844090999999999925e+00,-2.029792000000000129e+01,2.788460999999999856e+00,-7.752523000000000053e+00,-3.882423999999999875e+00,-4.311075999999999908e+00,-1.148722799999999999e+01,-2.847977699999999857e+01,-1.279678000000000004e+01,-3.606791700000000134e+01,-1.267335800000000035e+01,-2.819622100000000131e+01,-5.986866000000000021e+00,-9.804026000000000352e+00,-2.671481599999999901e+01,-1.619955200000000062e+01,-1.800296499999999966e+01,-6.156859500000000196e+01,8.625320999999999572e+00,2.071874899999999897e+01,-1.050437000000000065e+00,3.324015000000000164e+00,1.121140300000000067e+01,-3.887138000000000204e+00,-1.023421500000000073e+01,3.394493000000000205e+00,-2.573110999999999926e+00,2.331929999999999836e+00,6.972040000000000459e-01,2.219119999999999981e-01,-8.646639999999999660e+00,6.160249999999999559e+00,-6.042386999999999730e+00,-9.749456999999999596e+00,-6.484710999999999892e+00,-1.386565700000000056e+01,-2.703121000000000151e+01,-1.524656099999999981e+01,-1.191866899999999951e+01,-1.644886500000000140e+01,-1.236395699999999920e+01,-7.928058000000000050e+00,-1.763501799999999875e+01,-1.768730599999999953e+01,-4.145280900000000202e+01,-1.013652170000000012e+02,-3.734309000000000101e+00,-6.690386000000000166e+00,-1.000121399999999916e+01,-9.934981000000000506e+00,-7.848498000000000197e+00,-2.122625899999999888e+01,-1.752268000000000114e+01,-1.494519200000000048e+01,8.114363000000000881e+00,-2.612597299999999834e+01,-1.183835499999999996e+01,-1.394370699999999985e+01,-4.050823000000000285e+00,-2.083088400000000107e+01,-3.133772000000000002e+00,-4.239417999999999687e+00,-6.541122999999999799e+00,-2.820409999999999862e+00,-8.754561000000000703e+00,-7.686454000000000342e+00,-6.431428999999999618e+00,8.602474000000000842e+00,-2.454543000000000141e+00,3.039859999999999784e-01,-6.485467800000000693e+01,-1.750513099999999866e+01,-2.320514000000000010e+01,-3.972940200000000033e+01,-1.736741000000000090e+00,-1.276460600000000056e+01,-5.121610999999999692e+00,1.541411000000000087e+00,3.784660000000000246e-01,-1.973918999999999979e+00,-1.439780700000000024e+01,-4.459283700000000294e+01,-1.015153899999999965e+01,-3.148405699999999996e+01,-2.920150399999999991e+01,-4.122954599999999914e+01,-6.445386799999999994e+01,-2.517616999999999994e+00,2.334343199999999996e+01,-2.022785700000000020e+01,-8.124653000000000347e+00,-3.351934099999999717e+01
1.121726000000000001e+00,-4.855349000000000359e+00,-7.403467000000000020e+00,-5.796243999999999730e+00,-1.251200000000000090e-01,-4.992609999999999992e+00,-3.915214999999999890e+00,4.618269999999999875e-01,-2.482127999999999890e+00,-1.140392999999999990e+00,8.705280999999999381e+00,9.878968999999999667e+00,3.855249000000000148e+00,3.858811000000000213e+00,1.213521099999999997e+01,5.125664000000000442e+00,1.611854800000000054e+01,2.603327000000000169e+01,-2.803634000000000182e+00,-2.899449100000000001e+01,-2.635292000000000190e+00,-1.026286799999999921e+01,-3.584683000000000064e+00,-1.124188200000000037e+01,1.916814999999999936e+00,-1.011753000000000036e+01,2.199317000000000188e+00,-4.345805999999999614e+00,1.537445100000000053e+01,9.567211999999999605e+00,-9.969179999999999708e-01,-1.451936899999999930e+01,-8.486791000000000196e+00,-2.239147499999999980e+01,-8.943125000000000213e+00,-1.801430500000000023e+01,1.223776400000000031e+01,5.165098000000000411e+00,4.200886999999999816e+00,3.787169000000000008e+00,4.486105200000000082e+01,-1.087539899999999982e+01,5.923700000000000188e+00,2.450285799999999981e+01,-4.534880000000000244e+00,1.352829999999999977e+00,1.183809100000000036e+01,4.475839999999999819e-01,-1.471873500000000057e+01,3.253420000000000201e-01,-1.957953000000000054e+00,-3.616766000000000147e+00,1.791037999999999908e+00,4.400684000000000040e+00,-4.439290000000000180e-01,1.317644100000000051e+01,7.154129999999999656e-01,-9.627909999999999524e-01,-1.590297999999999989e+00,-4.493107000000000184e+00,-7.583249000000000350e+00,7.558219999999999938e-01,1.551980000000000026e-01,-5.122520000000000406e-01,-2.878360999999999947e+00,-5.057335000000000136e+00,-1.652291599999999860e+01,-1.367174799999999912e+01,-4.196313399999999660e+01,-7.757145300000000532e+01,1.923484999999999889e+00,-3.482927000000000106e+00,1.315159500000000037e+01,8.256360000000000809e+00,3.235583799999999854e+01,-5.628104000000000440e+00,6.457850000000000534e-01,-2.175278000000000045e+00,2.039459400000000144e+01,-1.236026299999999978e+01,5.239093000000000444e+00,8.017238000000000753e+00,4.816892000000000174e+00,8.626599999999999824e-01,1.778639000000000081e+00,9.321909999999999918e-01,-3.926813000000000109e+00,5.928321999999999647e+00,-1.491703000000000001e+00,-2.521256000000000164e+00,-1.084000499999999967e+01,-2.757041000000000075e+00,-8.560940999999999690e+00,-4.931617000000000139e+00,-6.571369099999999719e+01,-4.985280999999999629e+00,-1.642403699999999844e+01,-3.574280399999999958e+01,-3.003270000000000106e-01,-1.436576900000000023e+01,-8.030877999999999517e+00,-1.630090000000000039e+00,-1.643869999999999942e+00,-4.085181000000000395e+00,-1.448332699999999917e+01,-5.187530499999999734e+01,-1.177097999999999978e+01,-2.792099800000000087e+01,-2.828512600000000177e+01,-4.623734799999999723e+01,-6.387102099999999893e+01,-2.369863000000000053e+00,5.875896000000000008e+00,-2.616294699999999906e+01,-1.098315299999999972e+01,-3.635142900000000310e+01
1.158331699999999920e+01,7.773947999999999858e+00,-2.723885000000000112e+00,2.608382000000000200e+00,4.958089999999999997e-01,-7.905604000000000298e+00,2.740972000000000186e+00,8.891260000000000829e+00,6.425146999999999942e+00,1.811520999999999937e+00,1.355114099999999944e+01,1.199058499999999938e+01,8.932885000000000630e+00,1.065919099999999986e+01,2.759296499999999952e+01,8.737111999999999767e+00,2.535923999999999978e+01,3.460115900000000266e+01,3.763730999999999938e+00,-4.569988999999999635e+00,-5.780116999999999727e+00,-1.917739999999999867e+01,3.294661000000000062e+00,1.744005000000000027e+00,7.042030000000000234e-01,-2.828009999999999913e+00,-8.166959999999999775e-01,-1.859305999999999903e+00,3.116768100000000175e+01,2.181720200000000176e+01,8.227553999999999590e+00,2.678558999999999912e+00,-3.510142000000000095e+00,-6.351898000000000266e+00,-7.178409999999999513e-01,-7.797696000000000183e+00,2.491935900000000004e+01,1.620850799999999836e+01,2.788862100000000055e+01,1.866047700000000020e+01,7.832757599999999343e+01,3.602063400000000115e+01,2.770396999999999998e+00,2.121003699999999981e+01,-9.333899999999999864e+00,-3.670584999999999987e+00,9.906295999999999324e+00,1.193054000000000059e+00,-1.985600799999999921e+01,-5.499850000000000350e+00,-1.851507999999999932e+00,-8.577263000000000304e+00,2.382889000000000035e+00,7.256262999999999685e+00,5.995010999999999868e+00,1.448378699999999952e+01,8.116167000000000797e+00,8.775026000000000437e+00,-1.383259999999999934e+00,9.370399999999999563e-02,9.657707999999999515e+00,1.131801100000000027e+01,1.290862199999999937e+01,1.451043300000000080e+01,1.505454000000000070e+00,-6.499041000000000068e+00,-1.455130899999999983e+01,-1.041499300000000083e+01,-3.350610400000000055e+01,-3.553228200000000214e+01,6.746044999999999625e+00,-1.079409999999999953e-01,3.126969400000000121e+01,2.406957600000000141e+01,6.423634599999999750e+01,1.014668700000000001e+01,1.569769400000000026e+01,1.027889200000000081e+01,2.629072700000000040e+01,6.887674999999999770e+00,2.020355299999999943e+01,2.512141300000000044e+01,9.997453999999999397e+00,1.723521699999999868e+01,4.663120000000000154e+00,4.164878999999999998e+00,-1.657003999999999921e+00,1.041409400000000041e+01,4.604576999999999920e+00,6.578749999999999876e-01,-1.024660199999999932e+01,-1.237431100000000050e+01,-1.188209699999999991e+01,-8.892098999999999975e+00,-5.073410599999999704e+01,5.583803999999999768e+00,-7.737649000000000221e+00,-2.472161900000000045e+01,3.166688999999999865e+00,-1.119632700000000014e+01,-8.632051000000000585e+00,-4.359126999999999974e+00,-2.772534999999999972e+00,-5.237410999999999817e+00,-1.130589900000000014e+01,-4.226655499999999677e+01,-7.306549000000000404e+00,-1.728753000000000029e+01,-2.104488299999999867e+01,-4.016121499999999855e+01,-4.684744700000000250e+01,-1.895588999999999968e+00,-1.549784900000000043e+01,-2.611403400000000019e+01,-1.234753399999999957e+01,-2.874869400000000041e+01
1.727609800000000106e+01,1.400744199999999928e+01,3.554809999999999914e-01,5.874704000000000370e+00,-1.755068000000000072e+00,-1.176623599999999925e+01,4.999164999999999637e+00,9.365914999999999324e+00,9.666722999999999288e+00,-5.898590000000000222e-01,1.091943799999999953e+01,7.829806999999999739e+00,1.057402399999999965e+01,1.204523799999999945e+01,3.199054699999999940e+01,5.598491000000000106e+00,3.106636800000000065e+01,3.953195699999999846e+01,8.810088999999999615e+00,1.469986100000000029e+01,-1.196963700000000053e+01,-2.224566899999999947e+01,6.527292000000000094e+00,6.632386999999999588e+00,-3.222224000000000199e+00,-1.776699999999999946e+00,-4.666193999999999953e+00,-9.600769999999999582e-01,3.859036499999999847e+01,2.944489099999999837e+01,1.149403000000000041e+01,1.300148399999999960e+01,8.469200000000000339e-02,3.158431000000000211e+00,7.649657000000000373e+00,-4.773774999999999658e+00,2.820857399999999870e+01,1.925482500000000030e+01,3.370859600000000000e+01,2.363856699999999833e+01,7.376677999999999713e+01,5.609324800000000266e+01,-8.030500000000000416e-01,1.085722299999999940e+01,-1.604731299999999905e+01,-1.245018899999999995e+01,5.504538000000000153e+00,-4.408629000000000353e+00,-2.699720999999999904e+01,-1.315011600000000058e+01,-3.949457999999999913e+00,-1.294504200000000083e+01,1.195891999999999955e+00,7.571951000000000320e+00,7.373286000000000229e+00,9.689588000000000534e+00,1.360918200000000056e+01,1.573229800000000012e+01,-7.112175999999999831e+00,-4.043592000000000297e+00,1.844717199999999835e+01,1.292408700000000010e+01,2.174545200000000023e+01,2.336251700000000042e+01,-2.367684000000000122e+00,-1.264464599999999983e+01,-1.410871799999999965e+01,-1.332514699999999941e+01,-2.070570400000000078e+01,2.221616000000000035e+00,9.102430999999999273e+00,1.480784000000000100e+00,3.995396000000000214e+01,3.281284300000000087e+01,7.859411199999999553e+01,1.984598499999999888e+01,2.305021999999999949e+01,1.767547000000000068e+01,2.862961200000000161e+01,2.517021700000000095e+01,2.877007899999999907e+01,3.318586700000000178e+01,1.017851800000000040e+01,2.124594700000000103e+01,4.160662000000000305e+00,4.434684999999999988e+00,-1.680628999999999929e+00,8.796115000000000350e+00,6.395011000000000223e+00,-1.834040000000000115e-01,-7.036044000000000409e+00,-1.727308700000000030e+01,-1.182866199999999957e+01,-1.111758000000000024e+01,-2.732621800000000079e+01,1.086519599999999919e+01,-2.805261999999999922e+00,-1.259140599999999921e+01,5.598493000000000386e+00,-5.284867000000000203e+00,-7.328082000000000207e+00,-5.832703999999999667e+00,-2.964538999999999813e+00,-5.032763000000000098e+00,-6.673128000000000171e+00,-2.130026099999999900e+01,-7.022570000000000201e-01,-4.776320000000000121e+00,-9.465854999999999464e+00,-2.738354500000000158e+01,-2.569382999999999839e+01,-1.359231000000000078e+00,-3.024926500000000118e+01,-2.115804400000000030e+01,-1.068480800000000031e+01,-8.188584000000000529e+00
1.650343000000000160e+01,1.233263200000000026e+01,9.198910000000000142e-01,4.071939999999999671e+00,-4.605536999999999992e+00,-1.383515599999999957e+01,2.636763000000000190e+00,3.311706000000000039e+00,7.487500999999999962e+00,-5.650813000000000308e+00,2.929000999999999966e+00,1.081985999999999892e+00,8.041911000000000698e+00,9.104407000000000139e+00,2.550581100000000134e+01,-5.515480000000000382e-01,3.218270299999999651e+01,4.050762900000000144e+01,1.126691600000000015e+01,2.158560999999999908e+01,-1.725405599999999851e+01,-1.920044299999999993e+01,5.431148000000000309e+00,2.052004000000000161e+00,-6.132354999999999556e+00,-5.389960000000000306e+00,-6.983565999999999718e+00,-5.988710000000000422e-01,3.609730400000000117e+01,3.058114199999999983e+01,8.456951000000000107e+00,1.262123899999999921e+01,1.394346000000000085e+00,3.136877000000000137e+00,1.196459699999999948e+01,-9.440433999999999770e+00,2.263894600000000068e+01,1.467132299999999923e+01,2.174831400000000059e+01,1.894883300000000048e+01,4.178363499999999675e+01,4.402731699999999648e+01,-3.852078000000000113e+00,-1.867482000000000086e+00,-2.225198299999999918e+01,-2.110132099999999866e+01,5.436699999999999866e-01,-1.346749499999999955e+01,-3.346925600000000145e+01,-1.936006300000000024e+01,-7.292402000000000051e+00,-1.605484699999999876e+01,-1.501230999999999982e+00,5.534176000000000428e+00,3.761079000000000061e+00,2.091305999999999887e+00,1.552063399999999938e+01,1.777912099999999995e+01,-1.513537499999999980e+01,-1.394183800000000062e+01,1.739611400000000074e+01,7.169450999999999574e+00,2.384734999999999872e+01,2.404726399999999842e+01,-1.112404100000000007e+01,-1.948318400000000139e+01,-1.517200899999999919e+01,-2.109334700000000140e+01,-9.552462000000000231e+00,1.922632600000000025e+01,8.717489999999999739e+00,1.244412999999999991e+00,3.844536999999999694e+01,3.275692500000000251e+01,7.319895099999999388e+01,2.094266000000000005e+01,2.199992699999999957e+01,1.843116600000000105e+01,2.982809500000000114e+01,3.526637300000000153e+01,2.947910900000000112e+01,3.206490900000000011e+01,6.698737999999999637e+00,1.336680899999999994e+01,1.189316000000000040e+00,2.528649999999999842e+00,-3.853733000000000075e+00,3.101545000000000218e+00,3.671787999999999830e+00,-4.057633000000000045e+00,-3.932173999999999836e+00,-1.651831999999999923e+01,-9.290096999999999383e+00,-1.141370299999999993e+01,-6.731365000000000265e+00,1.027334199999999953e+01,-3.448402000000000189e+00,-4.577746000000000315e+00,5.419666000000000317e+00,3.176860000000000239e-01,-5.309440999999999633e+00,-5.755308999999999564e+00,-2.512434999999999974e+00,-3.573215999999999948e+00,-2.796718999999999955e+00,1.048899999999999971e-01,3.495925000000000171e+00,3.918562000000000101e+00,3.229381000000000057e+00,-1.408217100000000066e+01,-1.144396599999999964e+01,-5.760300000000000420e-01,-3.190036800000000028e+01,-1.388938300000000048e+01,-6.258331000000000088e+00,1.669342200000000176e+01
1.113291800000000009e+01,5.932694999999999830e+00,-1.579129999999999978e-01,2.740940000000000043e-01,-5.533314999999999984e+00,-1.197921499999999995e+01,-1.632309999999999928e+00,-3.909288000000000096e+00,2.968052999999999830e+00,-9.174936999999999898e+00,-4.794472999999999985e+00,-3.521999000000000102e+00,3.303751000000000104e+00,4.899962999999999624e+00,1.357618800000000014e+01,-4.613946000000000325e+00,2.849679499999999877e+01,3.691312500000000085e+01,1.077394100000000066e+01,1.647165999999999997e+01,-1.751152199999999937e+01,-1.151078900000000083e+01,2.208979999999999944e+00,-6.190241999999999578e+00,-5.523558999999999664e+00,-8.905860000000000554e+00,-6.206585999999999714e+00,7.730150000000000077e-01,2.625412599999999941e+01,2.547997499999999960e+01,2.719632999999999967e+00,5.502629999999999910e+00,9.162130000000000551e-01,-2.546292000000000222e+00,1.081273299999999971e+01,-1.609577399999999869e+01,1.253391500000000036e+01,6.617173000000000194e+00,1.870908999999999933e+00,9.147773000000000820e+00,4.097725999999999758e+00,1.340830799999999989e+01,-4.937556999999999974e+00,-1.036103699999999961e+01,-2.398060399999999959e+01,-2.401743700000000104e+01,-2.433133000000000212e+00,-1.966471100000000050e+01,-3.435498700000000127e+01,-2.056974699999999956e+01,-9.172632999999999370e+00,-1.637423100000000176e+01,-4.036915999999999727e+00,2.472709000000000046e+00,-1.707662999999999931e+00,-3.731012999999999913e+00,1.381998500000000085e+01,1.519191299999999956e+01,-1.953808300000000031e+01,-2.202902900000000130e+01,1.005384800000000034e+01,-7.126310000000000144e-01,1.950307300000000055e+01,1.834438000000000102e+01,-1.763847499999999968e+01,-2.155406100000000080e+01,-1.552968800000000016e+01,-2.698853199999999930e+01,-3.849760999999999989e+00,1.384945399999999971e+01,6.678087999999999802e+00,6.088740000000000263e-01,2.947849100000000178e+01,2.563102999999999909e+01,5.336624499999999927e+01,1.555228199999999994e+01,1.541523199999999960e+01,1.454821699999999929e+01,2.977457000000000065e+01,3.333838599999999985e+01,2.388174700000000072e+01,2.495199099999999959e+01,2.352301999999999893e+00,6.729749999999999899e-01,-1.806691000000000047e+00,4.317579999999999751e-01,-6.139058999999999600e+00,-2.472996000000000194e+00,-9.805350000000000454e-01,-7.773509999999999920e+00,-2.289664000000000144e+00,-1.138671399999999956e+01,-5.843943999999999583e+00,-9.791456000000000159e+00,2.877644000000000091e+00,5.948409999999999975e+00,-7.034259999999999735e+00,-2.368412000000000184e+00,3.301756000000000135e+00,3.392538000000000054e+00,-3.644643999999999995e+00,-4.440634000000000192e+00,-1.784993000000000052e+00,-1.475724999999999953e+00,-9.357100000000000417e-01,1.228793100000000038e+01,3.264787999999999801e+00,5.920844999999999914e+00,1.298296200000000056e+01,-4.723362999999999978e+00,-7.496489999999999654e+00,7.365340000000000220e-01,-2.151999400000000051e+01,-6.937551000000000023e+00,-8.431560000000000166e-01,3.258728899999999840e+01
